200
1 4
1 7
1 10
1 11
1 15
1 16
1 17
1 18
1 19
1 21
1 23
1 24
1 25
1 29
1 30
1 32
1 34
1 35
1 36
1 38
1 39
1 40
1 42
1 45
1 50
1 51
1 54
1 55
1 58
1 59
1 60
1 61
1 62
1 63
1 67
1 68
1 69
1 73
1 75
1 78
1 80
1 81
1 82
1 83
1 84
1 86
1 88
1 89
1 91
1 93
1 94
1 98
1 101
1 102
1 103
1 104
1 106
1 107
1 108
1 110
1 111
1 117
1 119
1 122
1 123
1 126
1 130
1 131
1 133
1 134
1 137
1 138
1 139
1 141
1 142
1 143
1 145
1 147
1 150
1 151
1 154
1 156
1 160
1 163
1 164
1 165
1 168
1 172
1 174
1 175
1 178
1 180
1 181
1 182
1 184
1 185
1 187
1 188
1 189
1 190
1 191
1 192
1 195
1 196
1 198
1 199
1 183
2 33
2 38
2 41
2 44
2 60
2 71
2 72
2 106
2 110
2 134
2 145
2 155
2 167
2 181
2 190
2 64
2 148
2 92
2 7
2 54
2 125
2 197
2 74
2 98
2 70
2 67
2 53
2 42
2 141
2 93
2 61
2 123
2 57
2 147
2 182
2 159
2 96
2 116
2 83
2 88
2 23
2 161
2 177
2 91
2 18
2 156
2 186
2 168
2 162
2 107
2 80
2 111
2 14
2 132
2 119
2 76
2 58
2 34
2 8
2 126
2 154
2 21
2 50
2 35
2 49
2 144
2 89
2 30
2 173
2 121
2 73
2 136
2 69
2 65
2 164
2 127
2 13
2 151
2 115
2 75
2 56
2 45
2 86
2 63
2 185
2 11
2 6
2 95
2 47
2 109
2 90
2 158
2 129
2 183
3 10
3 12
3 15
3 18
3 23
3 33
3 38
3 39
3 40
3 42
3 43
3 53
3 54
3 57
3 61
3 64
3 66
3 67
3 71
3 72
3 79
3 83
3 85
3 91
3 93
3 94
3 101
3 105
3 108
3 124
3 137
3 138
3 141
3 145
3 146
3 147
3 148
3 149
3 150
3 155
3 159
3 163
3 172
3 176
3 179
3 181
3 191
3 195
3 200
3 186
3 168
3 189
3 31
3 111
3 118
3 25
3 135
3 82
3 34
3 193
3 37
3 126
3 154
3 49
3 170
3 144
3 30
3 180
3 77
3 178
3 160
3 121
3 73
3 136
3 128
3 69
3 112
3 36
3 164
3 32
3 127
3 13
3 192
3 184
3 115
3 62
3 29
3 20
3 56
3 84
3 52
3 26
3 199
3 6
3 109
3 90
3 158
3 129
4 15
4 16
4 38
4 41
4 43
4 44
4 51
4 54
4 64
4 68
4 74
4 87
4 94
4 101
4 106
4 108
4 117
4 140
4 148
4 150
4 172
4 174
4 176
4 179
4 187
4 190
4 191
4 197
4 12
4 104
4 42
4 188
4 137
4 61
4 123
4 157
4 147
4 182
4 96
4 175
4 116
4 83
4 88
4 23
4 161
4 177
4 18
4 156
4 142
4 168
4 189
4 80
4 27
4 111
4 82
4 8
4 126
4 154
4 21
4 100
4 144
4 89
4 30
4 180
4 178
4 165
4 160
4 136
4 65
4 194
4 112
4 164
4 32
4 127
4 46
4 192
4 184
4 151
4 62
4 29
4 75
4 20
4 45
4 22
4 63
4 185
4 59
4 52
4 122
4 171
4 113
4 158
4 129
5 7
5 38
5 39
5 43
5 55
5 60
5 66
5 72
5 79
5 81
5 103
5 110
5 114
5 120
5 131
5 134
5 138
5 145
5 148
5 149
5 152
5 167
5 169
5 172
5 174
5 181
5 187
5 198
5 104
5 42
5 188
5 137
5 93
5 147
5 182
5 159
5 96
5 116
5 88
5 161
5 177
5 18
5 156
5 196
5 186
5 168
5 9
5 31
5 27
5 111
5 28
5 25
5 132
5 119
5 34
5 8
5 37
5 166
5 126
5 21
5 35
5 49
5 170
5 30
5 173
5 77
5 178
5 165
5 160
5 73
5 136
5 65
5 194
5 36
5 164
5 32
5 46
5 192
5 184
5 151
5 62
5 29
5 20
5 56
5 45
5 86
5 63
5 185
5 84
5 52
5 199
5 122
5 99
5 109
5 97
5 158
6 7
6 9
6 10
6 13
6 14
6 15
6 16
6 17
6 19
6 20
6 21
6 22
6 23
6 25
6 26
6 27
6 28
6 31
6 32
6 33
6 34
6 35
6 39
6 44
6 45
6 48
6 50
6 51
6 52
6 55
6 60
6 61
6 64
6 65
6 66
6 67
6 68
6 70
6 71
6 72
6 75
6 77
6 78
6 79
6 80
6 82
6 83
6 85
6 86
6 89
6 91
6 100
6 101
6 104
6 107
6 108
6 111
6 114
6 115
6 116
6 117
6 119
6 120
6 122
6 123
6 125
6 127
6 130
6 131
6 134
6 138
6 139
6 140
6 141
6 142
6 144
6 148
6 150
6 151
6 154
6 159
6 160
6 165
6 169
6 172
6 173
6 174
6 175
6 177
6 181
6 184
6 185
6 186
6 187
6 188
6 189
6 190
6 192
6 194
6 198
6 199
6 109
6 158
6 129
7 15
7 16
7 17
7 39
7 44
7 60
7 68
7 79
7 81
7 85
7 101
7 103
7 106
7 110
7 117
7 130
7 138
7 155
7 169
7 174
7 198
7 150
7 120
7 67
7 53
7 12
7 104
7 42
7 141
7 188
7 61
7 123
7 157
7 147
7 182
7 116
7 83
7 143
7 161
7 177
7 91
7 156
7 142
7 186
7 189
7 162
7 118
7 14
7 133
7 82
7 76
7 102
7 8
7 193
7 37
7 166
7 126
7 100
7 35
7 49
7 170
7 144
7 89
7 30
7 165
7 121
7 73
7 136
7 69
7 65
7 194
7 112
7 127
7 46
7 192
7 151
7 115
7 75
7 56
7 22
7 86
7 185
7 84
7 122
7 171
7 99
7 95
7 47
7 109
7 97
7 129
7 183
8 9
8 12
8 15
8 17
8 18
8 23
8 24
8 25
8 31
8 41
8 42
8 44
8 61
8 64
8 66
8 67
8 68
8 70
8 71
8 74
8 79
8 81
8 82
8 85
8 88
8 91
8 92
8 96
8 98
8 102
8 105
8 106
8 110
8 111
8 114
8 116
8 120
8 123
8 124
8 130
8 132
8 135
8 138
8 140
8 148
8 149
8 155
8 156
8 157
8 159
8 161
8 167
8 175
8 179
8 181
8 182
8 186
8 195
8 196
8 197
8 166
8 154
8 21
8 100
8 35
8 49
8 180
8 77
8 165
8 73
8 69
8 194
8 36
8 164
8 32
8 13
8 192
8 184
8 151
8 115
8 62
8 29
8 75
8 22
8 86
8 63
8 84
8 52
8 26
8 199
8 171
8 99
8 95
8 113
8 47
8 97
8 158
9 23
9 24
9 38
9 40
9 43
9 44
9 51
9 53
9 54
9 60
9 64
9 66
9 70
9 71
9 79
9 81
9 83
9 87
9 94
9 96
9 104
9 106
9 108
9 110
9 114
9 116
9 130
9 131
9 134
9 137
9 138
9 139
9 140
9 141
9 142
9 146
9 147
9 148
9 150
9 155
9 161
9 169
9 175
9 176
9 181
9 187
9 188
9 190
9 191
9 197
9 198
9 200
9 111
9 118
9 76
9 58
9 102
9 37
9 126
9 154
9 153
9 21
9 100
9 170
9 89
9 30
9 77
9 178
9 73
9 128
9 69
9 65
9 32
9 13
9 192
9 184
9 20
9 22
9 86
9 185
9 84
9 59
9 52
9 26
9 199
9 122
9 171
9 95
9 113
9 47
9 97
9 158
9 129
9 183
10 12
10 15
10 16
10 17
10 24
10 39
10 44
10 48
10 51
10 54
10 60
10 64
10 67
10 72
10 78
10 85
10 94
10 101
10 105
10 106
10 120
10 124
10 125
10 131
10 139
10 140
10 141
10 145
10 148
10 150
10 152
10 172
10 187
10 190
10 191
10 197
10 198
10 147
10 182
10 88
10 23
10 161
10 91
10 142
10 196
10 189
10 162
10 31
10 27
10 111
10 118
10 14
10 119
10 135
10 133
10 58
10 193
10 126
10 154
10 100
10 35
10 49
10 170
10 30
10 173
10 178
10 165
10 121
10 128
10 65
10 36
10 32
10 19
10 13
10 192
10 29
10 75
10 20
10 45
10 86
10 63
10 52
10 199
10 122
10 171
10 99
10 95
10 113
10 97
10 90
11 13
11 14
11 15
11 17
11 18
11 20
11 22
11 25
11 26
11 28
11 31
11 32
11 33
11 34
11 37
11 38
11 39
11 40
11 42
11 44
11 45
11 46
11 48
11 50
11 52
11 53
11 54
11 56
11 59
11 62
11 64
11 68
11 70
11 71
11 72
11 77
11 78
11 80
11 81
11 82
11 83
11 84
11 85
11 86
11 88
11 89
11 91
11 92
11 93
11 94
11 98
11 103
11 105
11 106
11 110
11 111
11 114
11 117
11 121
11 125
11 126
11 128
11 130
11 131
11 135
11 137
11 139
11 140
11 141
11 142
11 143
11 144
11 145
11 147
11 148
11 149
11 150
11 152
11 154
11 157
11 160
11 163
11 164
11 165
11 166
11 168
11 169
11 170
11 174
11 175
11 180
11 184
11 187
11 189
11 191
11 192
11 194
11 195
11 197
11 198
11 200
11 99
11 95
11 113
11 97
11 90
11 158
11 129
12 15
12 16
12 44
12 55
12 67
12 70
12 72
12 74
12 78
12 103
12 108
12 110
12 114
12 117
12 120
12 125
12 130
12 138
12 139
12 140
12 145
12 150
12 152
12 163
12 167
12 179
12 181
12 190
12 191
12 197
12 61
12 147
12 182
12 146
12 159
12 96
12 175
12 195
12 116
12 83
12 143
12 23
12 18
12 156
12 168
12 189
12 27
12 111
12 14
12 25
12 132
12 193
12 166
12 154
12 153
12 100
12 89
12 173
12 165
12 160
12 121
12 136
12 128
12 69
12 65
12 36
12 164
12 127
12 184
12 115
12 62
12 20
12 56
12 45
12 84
12 59
12 52
12 199
12 122
12 171
12 95
12 109
12 97
12 158
12 183
13 15
13 19
13 21
13 24
13 25
13 27
13 28
13 30
13 31
13 36
13 37
13 38
13 40
13 41
13 42
13 43
13 46
13 48
13 50
13 51
13 53
13 55
13 61
13 64
13 66
13 69
13 72
13 73
13 77
13 78
13 79
13 80
13 85
13 87
13 88
13 92
13 94
13 98
13 101
13 102
13 103
13 104
13 111
13 114
13 116
13 119
13 123
13 126
13 127
13 128
13 130
13 131
13 132
13 134
13 135
13 137
13 146
13 149
13 150
13 152
13 153
13 155
13 156
13 161
13 163
13 166
13 167
13 170
13 172
13 173
13 176
13 178
13 180
13 181
13 186
13 189
13 190
13 191
13 193
13 195
13 196
13 198
13 151
13 29
13 75
13 20
13 45
13 185
13 26
13 199
13 122
13 171
13 99
13 113
13 47
13 109
13 97
13 90
13 158
13 183
14 15
14 16
14 17
14 18
14 27
14 28
14 38
14 39
14 41
14 42
14 43
14 44
14 48
14 53
14 54
14 55
14 60
14 61
14 68
14 70
14 79
14 81
14 83
14 92
14 93
14 94
14 103
14 104
14 105
14 108
14 110
14 111
14 124
14 125
14 131
14 134
14 137
14 140
14 142
14 146
14 147
14 149
14 150
14 163
14 167
14 168
14 169
14 172
14 174
14 187
14 191
14 195
14 200
14 119
14 135
14 82
14 102
14 193
14 166
14 154
14 21
14 49
14 144
14 30
14 173
14 77
14 73
14 69
14 65
14 194
14 32
14 19
14 151
14 115
14 29
14 20
14 22
14 63
14 84
14 122
14 171
14 47
14 90
14 158
14 129
14 183
15 41
15 44
15 71
15 72
15 79
15 87
15 94
15 131
15 155
15 172
15 179
15 187
15 51
15 174
15 138
15 64
15 149
15 103
15 152
15 92
15 120
15 125
15 197
15 74
15 105
15 70
15 67
15 53
15 42
15 137
15 123
15 157
15 159
15 96
15 175
15 116
15 88
15 177
15 156
15 196
15 168
15 189
15 31
15 111
15 28
15 132
15 119
15 135
15 82
15 76
15 58
15 34
15 102
15 193
15 166
15 126
15 21
15 100
15 50
15 49
15 144
15 180
15 173
15 77
15 165
15 65
15 112
15 164
15 32
15 127
15 19
15 46
15 192
15 115
15 62
15 29
15 75
15 56
15 86
15 63
15 185
15 84
15 59
15 52
15 26
15 199
15 122
15 99
15 113
15 97
15 158
15 183
16 72
16 79
16 87
16 130
16 179
16 181
16 190
16 191
16 198
16 124
16 39
16 174
16 139
16 149
16 85
16 148
16 101
16 92
16 150
16 120
16 114
16 197
16 74
16 163
16 70
16 104
16 24
16 141
16 123
16 147
16 146
16 96
16 195
16 116
16 83
16 143
16 23
16 161
16 177
16 18
16 156
16 142
16 168
16 107
16 80
16 31
16 27
16 132
16 119
16 133
16 58
16 34
16 166
16 21
16 50
16 35
16 180
16 173
16 77
16 178
16 69
16 65
16 194
16 112
16 164
16 127
16 192
16 184
16 62
16 29
16 75
16 56
16 84
16 52
16 26
16 199
16 122
16 171
16 99
16 95
16 90
16 158
16 129
17 44
17 79
17 181
17 176
17 172
17 167
17 145
17 155
17 108
17 60
17 124
17 55
17 139
17 138
17 64
17 43
17 149
17 85
17 148
17 150
17 120
17 54
17 125
17 163
17 98
17 67
17 141
17 137
17 93
17 61
17 147
17 146
17 175
17 116
17 83
17 88
17 23
17 161
17 91
17 18
17 142
17 196
17 168
17 162
17 107
17 28
17 118
17 132
17 119
17 58
17 34
17 102
17 37
17 166
17 126
17 154
17 49
17 170
17 144
17 173
17 77
17 160
17 73
17 128
17 69
17 65
17 194
17 112
17 46
17 192
17 184
17 151
17 115
17 62
17 29
17 59
17 52
17 199
17 122
17 95
17 47
17 158
17 129
17 183
18 23
18 33
18 38
18 39
18 40
18 42
18 43
18 54
18 55
18 61
18 66
18 71
18 78
18 81
18 83
18 87
18 88
18 96
18 101
18 104
18 110
18 114
18 117
18 125
18 131
18 134
18 140
18 146
18 148
18 150
18 152
18 163
18 167
18 172
18 174
18 179
18 187
18 188
18 190
18 191
18 195
18 198
18 196
18 186
18 162
18 80
18 27
18 25
18 132
18 119
18 133
18 82
18 34
18 193
18 37
18 126
18 154
18 153
18 100
18 50
18 170
18 144
18 89
18 180
18 173
18 165
18 121
18 73
18 136
18 69
18 112
18 127
18 19
18 46
18 151
18 62
18 29
18 75
18 56
18 45
18 22
18 86
18 185
18 59
18 52
18 122
18 95
18 113
18 158
19 21
19 27
19 30
19 31
19 33
19 35
19 38
19 39
19 40
19 43
19 49
19 50
19 54
19 55
19 58
19 64
19 65
19 66
19 67
19 68
19 70
19 76
19 77
19 79
19 81
19 82
19 83
19 85
19 89
19 91
19 92
19 93
19 100
19 101
19 102
19 103
19 105
19 110
19 112
19 114
19 116
19 117
19 118
19 119
19 125
19 126
19 130
19 131
19 132
19 134
19 135
19 137
19 139
19 146
19 148
19 149
19 150
19 152
19 154
19 155
19 157
19 159
19 160
19 161
19 162
19 163
19 164
19 166
19 168
19 172
19 173
19 174
19 177
19 178
19 182
19 186
19 189
19 190
19 194
19 198
19 200
19 115
19 20
19 56
19 22
19 86
19 63
19 185
19 84
19 26
19 171
19 99
19 113
19 97
19 158
20 25
20 31
20 32
20 34
20 39
20 40
20 42
20 43
20 46
20 49
20 50
20 53
20 55
20 57
20 60
20 62
20 64
20 65
20 66
20 67
20 68
20 69
20 73
20 74
20 77
20 79
20 81
20 82
20 85
20 87
20 92
20 96
20 98
20 100
20 101
20 102
20 103
20 104
20 106
20 107
20 108
20 111
20 114
20 116
20 118
20 120
20 121
20 123
20 124
20 127
20 132
20 133
20 135
20 136
20 138
20 139
20 143
20 144
20 145
20 146
20 148
20 149
20 150
20 153
20 154
20 155
20 156
20 157
20 159
20 164
20 166
20 167
20 168
20 170
20 177
20 179
20 180
20 181
20 182
20 188
20 189
20 190
20 195
20 45
20 86
20 52
20 26
20 171
20 109
20 90
20 158
20 183
21 23
21 24
21 34
21 40
21 42
21 44
21 51
21 53
21 54
21 55
21 58
21 60
21 64
21 66
21 68
21 71
21 72
21 79
21 80
21 82
21 85
21 88
21 92
21 94
21 98
21 101
21 102
21 107
21 108
21 117
21 118
21 124
21 125
21 134
21 137
21 139
21 143
21 149
21 150
21 152
21 156
21 159
21 161
21 162
21 163
21 166
21 167
21 169
21 172
21 174
21 175
21 176
21 177
21 186
21 187
21 188
21 190
21 191
21 193
21 195
21 50
21 49
21 89
21 173
21 160
21 121
21 73
21 128
21 65
21 194
21 164
21 192
21 115
21 62
21 29
21 56
21 63
21 185
21 84
21 26
21 199
21 95
21 113
21 47
21 109
21 97
21 158
21 183
22 24
22 25
22 27
22 30
22 31
22 32
22 33
22 34
22 36
22 37
22 38
22 39
22 41
22 46
22 49
22 50
22 51
22 55
22 58
22 61
22 62
22 65
22 68
22 72
22 74
22 75
22 76
22 77
22 78
22 81
22 87
22 89
22 91
22 92
22 96
22 101
22 102
22 103
22 104
22 110
22 111
22 112
22 115
22 116
22 117
22 118
22 119
22 120
22 125
22 131
22 133
22 134
22 137
22 138
22 141
22 142
22 143
22 144
22 145
22 147
22 148
22 149
22 152
22 153
22 154
22 156
22 159
22 161
22 162
22 166
22 169
22 177
22 179
22 180
22 181
22 182
22 184
22 188
22 189
22 190
22 191
22 193
22 194
22 195
22 197
22 198
22 200
22 26
22 199
22 95
22 113
22 47
22 158
22 183
23 33
23 38
23 40
23 41
23 42
23 43
23 53
23 64
23 66
23 68
23 71
23 72
23 78
23 79
23 87
23 93
23 94
23 98
23 101
23 106
23 110
23 114
23 123
23 124
23 125
23 130
23 137
23 138
23 148
23 149
23 150
23 152
23 172
23 179
23 182
23 187
23 190
23 191
23 198
23 200
23 91
23 196
23 186
23 31
23 111
23 28
23 132
23 76
23 58
23 102
23 193
23 166
23 126
23 153
23 100
23 50
23 89
23 30
23 77
23 160
23 69
23 194
23 36
23 164
23 127
23 46
23 192
23 115
23 29
23 75
23 63
23 84
23 59
23 99
23 95
23 47
23 109
23 158
23 129
24 33
24 38
24 40
24 41
24 44
24 53
24 54
24 66
24 67
24 68
24 71
24 74
24 79
24 85
24 87
24 106
24 120
24 124
24 125
24 130
24 134
24 139
24 145
24 148
24 149
24 152
24 167
24 169
24 176
24 179
24 190
24 200
24 141
24 188
24 157
24 147
24 146
24 159
24 175
24 83
24 143
24 91
24 156
24 196
24 186
24 162
24 27
24 111
24 28
24 118
24 25
24 132
24 135
24 76
24 102
24 193
24 37
24 166
24 153
24 170
24 180
24 160
24 121
24 69
24 194
24 112
24 36
24 164
24 127
24 46
24 192
24 184
24 151
24 62
24 75
24 86
24 185
24 59
24 26
24 99
24 113
24 109
24 97
24 183
25 33
25 38
25 40
25 41
25 42
25 43
25 44
25 55
25 57
25 61
25 64
25 66
25 68
25 71
25 74
25 79
25 87
25 88
25 92
25 93
25 94
25 101
25 105
25 107
25 114
25 124
25 125
25 131
25 138
25 140
25 141
25 142
25 143
25 145
25 146
25 147
25 148
25 149
25 150
25 152
25 155
25 157
25 161
25 163
25 169
25 172
25 174
25 175
25 176
25 181
25 186
25 187
25 188
25 76
25 34
25 193
25 126
25 154
25 153
25 50
25 30
25 173
25 77
25 165
25 136
25 65
25 112
25 127
25 46
25 184
25 151
25 115
25 75
25 56
25 45
25 86
25 185
25 84
25 59
25 52
25 26
25 199
25 122
25 171
25 113
25 47
25 109
25 97
25 90
25 129
25 183
26 27
26 28
26 29
26 30
26 31
26 32
26 33
26 37
26 38
26 39
26 40
26 41
26 43
26 44
26 46
26 49
26 50
26 53
26 54
26 55
26 57
26 61
26 63
26 64
26 67
26 68
26 71
26 75
26 76
26 77
26 78
26 84
26 85
26 88
26 89
26 91
26 92
26 93
26 96
26 103
26 105
26 106
26 108
26 110
26 112
26 114
26 115
26 116
26 119
26 120
26 121
26 126
26 131
26 132
26 133
26 135
26 137
26 138
26 139
26 140
26 141
26 142
26 143
26 147
26 150
26 153
26 156
26 160
26 162
26 165
26 167
26 169
26 172
26 174
26 175
26 177
26 180
26 182
26 184
26 186
26 187
26 188
26 189
26 191
26 193
26 195
26 197
26 122
26 95
26 109
26 97
26 129
26 183
27 33
27 41
27 43
27 44
27 51
27 53
27 61
27 64
27 68
27 70
27 71
27 72
27 78
27 85
27 91
27 93
27 94
27 98
27 103
27 106
27 108
27 110
27 117
27 120
27 124
27 130
27 131
27 140
27 141
27 145
27 146
27 147
27 149
27 155
27 159
27 161
27 163
27 167
27 169
27 176
27 177
27 179
27 181
27 182
27 189
27 190
27 195
27 200
27 135
27 133
27 102
27 126
27 154
27 100
27 50
27 35
27 49
27 144
27 89
27 30
27 173
27 160
27 121
27 128
27 69
27 65
27 194
27 36
27 127
27 46
27 192
27 184
27 151
27 115
27 86
27 63
27 185
27 84
27 52
27 199
27 122
27 47
27 97
27 129
27 183
28 38
28 39
28 42
28 44
28 48
28 53
28 55
28 61
28 64
28 67
28 68
28 71
28 72
28 78
28 85
28 87
28 88
28 92
28 94
28 96
28 101
28 103
28 104
28 105
28 114
28 116
28 120
28 123
28 124
28 137
28 138
28 139
28 140
28 146
28 148
28 149
28 150
28 152
28 155
28 159
28 167
28 169
28 172
28 174
28 179
28 186
28 187
28 188
28 189
28 196
28 200
28 133
28 76
28 102
28 37
28 166
28 126
28 170
28 144
28 30
28 180
28 173
28 178
28 160
28 121
28 136
28 69
28 194
28 112
28 32
28 192
28 151
28 62
28 29
28 56
28 45
28 86
28 185
28 84
28 171
28 99
28 95
28 47
28 97
28 129
28 183
29 30
29 33
29 37
29 38
29 39
29 40
29 42
29 43
29 44
29 46
29 48
29 50
29 54
29 60
29 61
29 65
29 67
29 68
29 69
29 72
29 73
29 78
29 79
29 80
29 81
29 85
29 87
29 88
29 89
29 94
29 98
29 100
29 101
29 102
29 103
29 104
29 105
29 108
29 110
29 111
29 112
29 114
29 119
29 121
29 125
29 126
29 128
29 130
29 131
29 134
29 136
29 137
29 138
29 139
29 140
29 142
29 144
29 146
29 149
29 154
29 155
29 156
29 161
29 162
29 163
29 164
29 166
29 170
29 172
29 177
29 178
29 179
29 181
29 187
29 188
29 193
29 198
29 56
29 84
29 59
29 52
29 171
29 109
29 90
29 129
30 31
30 34
30 37
30 38
30 40
30 41
30 42
30 43
30 48
30 50
30 51
30 57
30 61
30 66
30 68
30 70
30 72
30 74
30 76
30 78
30 79
30 87
30 92
30 98
30 100
30 103
30 104
30 107
30 120
30 125
30 131
30 132
30 133
30 135
30 138
30 141
30 145
30 146
30 147
30 148
30 149
30 153
30 154
30 157
30 159
30 161
30 168
30 169
30 172
30 174
30 175
30 176
30 177
30 181
30 182
30 186
30 187
30 190
30 191
30 195
30 200
30 180
30 77
30 73
30 69
30 194
30 112
30 36
30 164
30 32
30 127
30 46
30 192
30 184
30 75
30 56
30 45
30 86
30 185
30 84
30 59
30 122
30 99
30 113
30 109
30 97
30 90
30 158
30 129
30 183
31 33
31 38
31 40
31 41
31 42
31 43
31 66
31 70
31 74
31 78
31 79
31 85
31 87
31 93
31 94
31 101
31 105
31 107
31 108
31 110
31 114
31 116
31 125
31 131
31 137
31 138
31 140
31 141
31 142
31 143
31 149
31 156
31 157
31 159
31 163
31 167
31 168
31 174
31 175
31 176
31 177
31 181
31 182
31 189
31 190
31 191
31 197
31 200
31 118
31 119
31 135
31 133
31 58
31 102
31 166
31 153
31 35
31 49
31 170
31 77
31 178
31 165
31 121
31 128
31 194
31 36
31 164
31 32
31 127
31 192
31 151
31 115
31 75
31 45
31 63
31 185
31 84
31 59
31 171
31 95
31 113
31 109
31 90
31 158
32 34
32 35
32 39
32 40
32 43
32 44
32 48
32 49
32 50
32 51
32 53
32 54
32 58
32 60
32 61
32 64
32 65
32 68
32 69
32 72
32 73
32 74
32 76
32 77
32 79
32 80
32 81
32 83
32 87
32 88
32 89
32 92
32 94
32 96
32 104
32 105
32 108
32 112
32 118
32 119
32 121
32 123
32 131
32 132
32 135
32 137
32 139
32 140
32 141
32 142
32 144
32 149
32 152
32 154
32 159
32 165
32 166
32 169
32 172
32 173
32 174
32 175
32 177
32 178
32 180
32 187
32 188
32 190
32 191
32 193
32 195
32 196
32 197
32 46
32 115
32 62
32 75
32 63
32 185
32 84
32 52
32 122
32 95
32 113
32 97
32 90
32 158
32 129
33 79
33 110
33 130
33 169
33 190
33 200
33 81
33 108
33 134
33 124
33 39
33 78
33 51
33 103
33 148
33 92
33 66
33 120
33 74
33 163
33 70
33 67
33 53
33 104
33 141
33 93
33 123
33 57
33 147
33 182
33 159
33 175
33 195
33 88
33 161
33 177
33 189
33 107
33 80
33 111
33 118
33 132
33 119
33 133
33 76
33 34
33 37
33 166
33 153
33 50
33 35
33 144
33 180
33 73
33 69
33 194
33 112
33 36
33 164
33 184
33 151
33 115
33 45
33 86
33 63
33 59
33 122
33 99
33 47
33 97
33 90
33 158
33 129
33 183
34 39
34 41
34 43
34 51
34 53
34 54
34 55
34 66
34 67
34 71
34 72
34 80
34 83
34 88
34 91
34 92
34 93
34 94
34 96
34 98
34 103
34 104
34 106
34 108
34 110
34 111
34 116
34 117
34 124
34 131
34 134
34 135
34 138
34 142
34 147
34 148
34 150
34 152
34 155
34 156
34 161
34 162
34 167
34 172
34 175
34 176
34 186
34 188
34 189
34 190
34 191
34 195
34 198
34 166
34 126
34 50
34 170
34 144
34 173
34 77
34 178
34 165
34 121
34 69
34 65
34 194
34 112
34 164
34 192
34 184
34 151
34 62
34 45
34 63
34 84
34 59
34 95
34 47
34 109
34 158
34 129
34 183
35 37
35 40
35 43
35 54
35 55
35 58
35 60
35 64
35 66
35 67
35 71
35 76
35 78
35 81
35 82
35 83
35 91
35 94
35 101
35 103
35 104
35 106
35 107
35 108
35 116
35 117
35 118
35 123
35 126
35 138
35 139
35 140
35 141
35 142
35 143
35 145
35 147
35 148
35 149
35 152
35 154
35 155
35 157
35 159
35 161
35 162
35 168
35 172
35 174
35 175
35 176
35 177
35 179
35 181
35 182
35 186
35 189
35 190
35 191
35 196
35 200
35 144
35 89
35 173
35 73
35 194
35 36
35 192
35 184
35 151
35 63
35 59
35 122
35 171
35 99
35 47
35 109
35 90
36 39
36 43
36 44
36 51
36 54
36 57
36 58
36 61
36 64
36 67
36 68
36 70
36 71
36 72
36 77
36 80
36 81
36 82
36 83
36 85
36 87
36 88
36 91
36 92
36 96
36 98
36 100
36 101
36 102
36 103
36 104
36 106
36 107
36 108
36 110
36 114
36 116
36 118
36 120
36 124
36 128
36 130
36 132
36 136
36 137
36 138
36 140
36 141
36 145
36 149
36 152
36 156
36 159
36 162
36 163
36 167
36 169
36 170
36 172
36 174
36 180
36 181
36 182
36 186
36 187
36 188
36 189
36 190
36 191
36 197
36 200
36 127
36 192
36 75
36 45
36 86
36 185
36 59
36 52
36 99
36 183
37 38
37 39
37 40
37 42
37 43
37 44
37 53
37 54
37 55
37 57
37 58
37 64
37 68
37 70
37 74
37 76
37 79
37 81
37 82
37 85
37 87
37 88
37 91
37 92
37 104
37 106
37 108
37 110
37 114
37 117
37 118
37 119
37 123
37 125
37 130
37 133
37 134
37 137
37 139
37 140
37 147
37 155
37 156
37 159
37 162
37 172
37 174
37 176
37 177
37 181
37 182
37 186
37 189
37 191
37 196
37 197
37 154
37 100
37 50
37 170
37 180
37 77
37 178
37 165
37 121
37 136
37 194
37 112
37 46
37 184
37 151
37 115
37 86
37 185
37 59
37 52
37 171
37 95
37 113
37 47
37 97
37 183
38 44
38 72
38 79
38 130
38 169
38 172
38 48
38 131
38 145
38 155
38 78
38 55
38 139
38 43
38 103
38 85
38 101
38 92
38 120
38 54
38 53
38 104
38 188
38 93
38 57
38 157
38 147
38 159
38 175
38 195
38 116
38 143
38 161
38 91
38 156
38 186
38 168
38 162
38 107
38 80
38 118
38 119
38 133
38 76
38 58
38 193
38 166
38 126
38 154
38 153
38 50
38 49
38 144
38 178
38 165
38 160
38 136
38 128
38 69
38 112
38 127
38 151
38 86
38 63
38 185
38 59
38 199
38 122
38 171
38 95
38 97
38 158
38 129
38 183
39 41
39 48
39 71
39 72
39 94
39 106
39 108
39 140
39 172
39 190
39 191
39 174
39 138
39 117
39 149
39 152
39 92
39 66
39 120
39 74
39 98
39 53
39 141
39 188
39 137
39 93
39 61
39 57
39 182
39 146
39 96
39 177
39 91
39 196
39 186
39 162
39 132
39 133
39 193
39 166
39 154
39 100
39 49
39 170
39 89
39 180
39 178
39 73
39 69
39 65
39 194
39 112
39 46
39 192
39 151
39 63
39 185
39 84
39 59
39 52
39 95
39 47
39 97
39 90
39 158
40 41
40 48
40 55
40 60
40 64
40 71
40 72
40 79
40 81
40 87
40 94
40 106
40 108
40 110
40 131
40 145
40 174
40 176
40 179
40 181
40 200
40 66
40 114
40 54
40 197
40 98
40 104
40 188
40 137
40 123
40 157
40 146
40 96
40 83
40 91
40 156
40 196
40 80
40 132
40 119
40 135
40 82
40 58
40 102
40 193
40 50
40 144
40 89
40 180
40 160
40 73
40 128
40 194
40 112
40 192
40 184
40 56
40 45
40 86
40 185
40 84
40 59
40 122
40 95
40 109
40 97
40 158
41 87
41 181
41 198
41 172
41 167
41 71
41 131
41 145
41 124
41 174
41 138
41 117
41 68
41 148
41 101
41 150
41 114
41 125
41 197
41 74
41 163
41 98
41 53
41 104
41 42
41 188
41 137
41 93
41 61
41 157
41 147
41 159
41 175
41 195
41 83
41 143
41 91
41 142
41 186
41 189
41 107
41 111
41 118
41 132
41 119
41 133
41 82
41 76
41 102
41 166
41 126
41 153
41 100
41 49
41 89
41 173
41 178
41 160
41 121
41 73
41 136
41 128
41 65
41 194
41 112
41 151
41 115
41 62
41 75
41 56
41 45
41 63
41 185
41 84
41 52
41 95
41 47
41 109
41 90
41 158
42 44
42 51
42 53
42 54
42 55
42 60
42 67
42 71
42 74
42 78
42 79
42 85
42 92
42 105
42 106
42 125
42 130
42 134
42 148
42 155
42 167
42 169
42 176
42 179
42 187
42 190
42 197
42 200
42 61
42 123
42 57
42 157
42 182
42 175
42 161
42 156
42 142
42 196
42 168
42 189
42 162
42 80
42 118
42 133
42 82
42 76
42 58
42 102
42 193
42 166
42 126
42 100
42 50
42 89
42 173
42 178
42 165
42 160
42 121
42 73
42 128
42 69
42 46
42 151
42 115
42 62
42 63
42 52
42 199
42 122
42 171
42 99
42 95
42 97
42 90
42 158
42 129
42 183
43 44
43 48
43 51
43 55
43 71
43 78
43 108
43 110
43 131
43 155
43 167
43 169
43 176
43 181
43 187
43 103
43 92
43 66
43 150
43 114
43 125
43 197
43 74
43 98
43 67
43 104
43 137
43 147
43 146
43 159
43 96
43 175
43 116
43 83
43 88
43 161
43 177
43 91
43 189
43 107
43 80
43 111
43 118
43 58
43 102
43 193
43 166
43 126
43 153
43 49
43 89
43 77
43 178
43 160
43 121
43 128
43 65
43 194
43 112
43 127
43 192
43 115
43 62
43 45
43 63
43 59
43 52
43 199
43 171
43 113
43 97
43 129
44 176
44 200
44 81
44 48
44 60
44 124
44 55
44 174
44 139
44 117
44 64
44 149
44 85
44 148
44 101
44 120
44 197
44 74
44 105
44 98
44 141
44 188
44 137
44 123
44 57
44 147
44 96
44 83
44 143
44 91
44 156
44 186
44 162
44 111
44 132
44 119
44 133
44 82
44 76
44 102
44 193
44 166
44 100
44 50
44 49
44 77
44 160
44 136
44 128
44 65
44 194
44 164
44 192
44 75
44 56
44 45
44 84
44 52
44 199
44 122
44 171
44 99
44 113
44 109
44 97
44 90
44 129
44 183
45 46
45 49
45 51
45 53
45 60
45 66
45 67
45 72
45 73
45 75
45 76
45 77
45 78
45 79
45 82
45 83
45 85
45 87
45 92
45 94
45 96
45 98
45 100
45 101
45 102
45 105
45 106
45 111
45 112
45 116
45 117
45 118
45 120
45 121
45 124
45 128
45 134
45 135
45 137
45 139
45 140
45 142
45 145
45 149
45 151
45 152
45 155
45 156
45 157
45 161
45 162
45 164
45 165
45 166
45 167
45 169
45 172
45 173
45 174
45 176
45 177
45 178
45 179
45 180
45 182
45 186
45 187
45 188
45 189
45 190
45 193
45 194
45 195
45 197
45 200
45 99
45 113
45 97
45 90
45 158
45 129
46 48
46 51
46 53
46 57
46 60
46 65
46 67
46 68
46 69
46 73
46 74
46 76
46 78
46 79
46 80
46 81
46 83
46 85
46 87
46 91
46 92
46 94
46 98
46 100
46 106
46 107
46 111
46 112
46 116
46 117
46 119
46 120
46 121
46 123
46 124
46 126
46 130
46 131
46 133
46 135
46 137
46 138
46 139
46 140
46 142
46 143
46 149
46 153
46 154
46 155
46 156
46 157
46 159
46 161
46 162
46 163
46 165
46 166
46 169
46 172
46 173
46 177
46 179
46 180
46 186
46 187
46 189
46 190
46 191
46 193
46 198
46 151
46 115
46 62
46 84
46 59
46 122
46 171
46 95
46 109
46 158
46 183
47 49
47 51
47 53
47 54
47 56
47 60
47 61
47 63
47 64
47 65
47 66
47 67
47 69
47 70
47 71
47 73
47 74
47 75
47 77
47 78
47 80
47 81
47 82
47 83
47 84
47 85
47 87
47 88
47 89
47 93
47 94
47 95
47 99
47 101
47 104
47 105
47 107
47 108
47 110
47 111
47 113
47 114
47 119
47 120
47 124
47 126
47 127
47 128
47 131
47 132
47 133
47 134
47 136
47 137
47 139
47 140
47 141
47 142
47 144
47 146
47 147
47 148
47 149
47 150
47 153
47 154
47 156
47 157
47 161
47 162
47 163
47 164
47 165
47 167
47 169
47 170
47 171
47 174
47 175
47 177
47 178
47 182
47 186
47 187
47 188
47 191
47 192
47 194
47 195
47 197
47 200
47 90
47 158
47 183
48 72
48 87
48 106
48 181
48 187
48 191
48 145
48 134
48 78
48 55
48 174
48 117
48 68
48 103
48 101
48 66
48 150
48 105
48 98
48 70
48 67
48 53
48 141
48 188
48 93
48 61
48 157
48 146
48 175
48 83
48 143
48 88
48 156
48 142
48 196
48 168
48 107
48 111
48 118
48 119
48 76
48 102
48 166
48 154
48 49
48 89
48 173
48 77
48 178
48 165
48 121
48 73
48 136
48 69
48 65
48 194
48 112
48 164
48 192
48 184
48 115
48 62
48 63
48 52
48 199
48 122
48 99
48 95
48 109
48 97
48 158
49 55
49 57
49 58
49 60
49 67
49 70
49 71
49 74
49 76
49 78
49 79
49 80
49 83
49 91
49 92
49 94
49 96
49 102
49 103
49 105
49 106
49 110
49 111
49 116
49 117
49 119
49 123
49 126
49 130
49 131
49 132
49 135
49 139
49 140
49 141
49 143
49 145
49 146
49 150
49 152
49 153
49 157
49 159
49 161
49 162
49 181
49 182
49 187
49 188
49 189
49 193
49 197
49 198
49 144
49 180
49 178
49 160
49 121
49 73
49 136
49 128
49 112
49 127
49 75
49 86
49 63
49 59
49 199
49 95
49 113
49 90
49 158
50 51
50 55
50 57
50 58
50 61
50 66
50 70
50 71
50 76
50 78
50 81
50 82
50 83
50 87
50 92
50 93
50 94
50 101
50 102
50 103
50 104
50 105
50 106
50 107
50 111
50 119
50 125
50 126
50 131
50 132
50 133
50 137
50 139
50 140
50 142
50 145
50 150
50 152
50 157
50 159
50 163
50 168
50 169
50 172
50 174
50 175
50 176
50 179
50 186
50 188
50 189
50 191
50 193
50 195
50 197
50 144
50 173
50 178
50 73
50 128
50 65
50 194
50 184
50 151
50 62
50 75
50 63
50 185
50 84
50 199
50 171
50 99
50 113
50 109
50 97
50 158
50 129
50 183
51 71
51 81
51 94
51 131
51 145
51 167
51 172
51 176
51 181
51 191
51 198
51 200
51 117
51 103
51 85
51 66
51 150
51 120
51 114
51 54
51 125
51 197
51 105
51 98
51 67
51 104
51 141
51 123
51 57
51 157
51 146
51 159
51 96
51 195
51 161
51 177
51 91
51 196
51 186
51 168
51 189
51 107
51 111
51 118
51 135
51 133
51 76
51 193
51 166
51 144
51 89
51 180
51 77
51 178
51 165
51 160
51 121
51 73
51 69
51 65
51 194
51 112
51 192
51 75
51 86
51 63
51 171
51 113
51 109
51 97
51 90
51 158
51 129
51 183
52 53
52 54
52 57
52 58
52 60
52 62
52 65
52 67
52 69
52 70
52 71
52 72
52 74
52 78
52 80
52 81
52 82
52 83
52 85
52 87
52 88
52 92
52 93
52 96
52 100
52 101
52 104
52 105
52 107
52 112
52 115
52 116
52 118
52 119
52 126
52 127
52 130
52 131
52 132
52 133
52 135
52 136
52 137
52 139
52 140
52 141
52 144
52 145
52 147
52 148
52 151
52 152
52 153
52 154
52 161
52 162
52 164
52 165
52 166
52 170
52 172
52 173
52 174
52 175
52 177
52 178
52 180
52 181
52 184
52 187
52 190
52 191
52 192
52 196
52 198
52 122
52 113
52 109
52 90
52 158
52 129
52 183
53 60
53 64
53 66
53 68
53 78
53 79
53 85
53 92
53 101
53 106
53 110
53 114
53 124
53 131
53 140
53 150
53 163
53 172
53 174
53 176
53 179
53 181
53 191
53 198
53 61
53 123
53 57
53 157
53 182
53 96
53 175
53 88
53 177
53 156
53 196
53 168
53 162
53 80
53 118
53 119
53 135
53 82
53 58
53 102
53 193
53 126
53 154
53 153
53 170
53 144
53 89
53 173
53 160
53 73
53 128
53 112
53 164
53 127
53 192
53 151
53 115
53 62
53 75
53 59
53 171
53 97
53 90
53 158
53 129
54 55
54 64
54 68
54 71
54 78
54 79
54 85
54 87
54 106
54 131
54 138
54 139
54 145
54 148
54 149
54 152
54 167
54 169
54 187
54 198
54 105
54 70
54 67
54 188
54 93
54 57
54 157
54 96
54 175
54 195
54 83
54 161
54 142
54 168
54 107
54 111
54 132
54 119
54 135
54 82
54 76
54 58
54 193
54 126
54 153
54 170
54 144
54 173
54 178
54 112
54 127
54 192
54 184
54 62
54 75
54 185
54 199
54 122
54 99
54 113
54 109
54 97
54 90
54 158
54 183
55 79
55 87
55 94
55 108
55 110
55 124
55 131
55 155
55 169
55 191
55 64
55 68
55 85
55 101
55 120
55 114
55 163
55 98
55 70
55 67
55 104
55 141
55 61
55 123
55 157
55 147
55 182
55 146
55 159
55 175
55 161
55 177
55 91
55 196
55 168
55 189
55 107
55 111
55 132
55 82
55 58
55 102
55 154
55 153
55 170
55 173
55 165
55 121
55 128
55 69
55 65
55 112
55 127
55 192
55 115
55 62
55 75
55 56
55 86
55 63
55 185
55 171
55 99
55 113
55 109
55 97
55 129
56 57
56 60
56 64
56 67
56 69
56 70
56 71
56 72
56 74
56 76
56 77
56 78
56 79
56 81
56 82
56 88
56 89
56 91
56 92
56 93
56 94
56 98
56 100
56 101
56 105
56 106
56 108
56 112
56 117
56 119
56 120
56 121
56 123
56 125
56 126
56 127
56 128
56 132
56 134
56 135
56 136
56 137
56 138
56 139
56 140
56 143
56 145
56 147
56 148
56 149
56 150
56 151
56 152
56 153
56 155
56 159
56 160
56 161
56 163
56 164
56 168
56 169
56 170
56 173
56 174
56 176
56 177
56 179
56 180
56 181
56 184
56 186
56 193
56 195
56 198
56 122
56 171
56 99
56 95
56 90
56 158
56 129
57 60
57 64
57 68
57 70
57 71
57 78
57 79
57 81
57 94
57 106
57 114
57 117
57 130
57 137
57 140
57 145
57 148
57 152
57 169
57 172
57 174
57 179
57 181
57 187
57 190
57 191
57 197
57 198
57 200
57 96
57 116
57 83
57 143
57 161
57 156
57 196
57 107
57 111
57 133
57 82
57 102
57 193
57 166
57 153
57 170
57 144
57 89
57 165
57 136
57 128
57 65
57 112
57 127
57 192
57 115
57 62
57 86
57 122
57 99
57 95
57 90
57 158
57 183
58 61
58 64
58 67
58 70
58 71
58 72
58 74
58 81
58 87
58 88
58 93
58 94
58 96
58 105
58 106
58 107
58 114
58 116
58 117
58 118
58 119
58 123
58 124
58 130
58 131
58 135
58 138
58 139
58 146
58 149
58 150
58 152
58 157
58 163
58 168
58 172
58 174
58 175
58 176
58 181
58 187
58 188
58 189
58 190
58 196
58 200
58 102
58 193
58 126
58 170
58 144
58 89
58 180
58 178
58 165
58 160
58 128
58 194
58 164
58 192
58 184
58 151
58 115
58 75
58 86
58 84
58 199
58 171
58 99
58 113
58 158
58 183
59 60
59 61
59 63
59 64
59 66
59 67
59 69
59 71
59 72
59 73
59 74
59 75
59 77
59 80
59 81
59 82
59 85
59 88
59 89
59 96
59 98
59 106
59 107
59 110
59 114
59 115
59 116
59 117
59 118
59 119
59 120
59 123
59 125
59 126
59 127
59 131
59 132
59 133
59 136
59 138
59 139
59 140
59 141
59 143
59 145
59 149
59 150
59 151
59 153
59 154
59 155
59 157
59 159
59 160
59 164
59 167
59 168
59 169
59 172
59 173
59 174
59 175
59 176
59 177
59 179
59 181
59 184
59 188
59 189
59 192
59 193
59 194
59 195
59 200
59 199
59 171
59 95
59 113
59 97
59 158
59 129
59 183
60 72
60 81
60 87
60 110
60 167
60 176
60 179
60 187
60 200
60 139
60 64
60 85
60 101
60 92
60 150
60 125
60 197
60 105
60 163
60 70
60 67
60 188
60 159
60 195
60 161
60 177
60 91
60 142
60 186
60 107
60 80
60 111
60 132
60 133
60 82
60 166
60 126
60 154
60 153
60 100
60 170
60 144
60 180
60 77
60 160
60 136
60 128
60 69
60 65
60 194
60 112
60 164
60 127
60 192
60 115
60 86
60 84
60 171
60 95
60 113
60 109
60 97
60 90
60 158
61 66
61 74
61 78
61 87
61 101
61 105
61 108
61 120
61 130
61 131
61 137
61 139
61 140
61 141
61 145
61 148
61 150
61 152
61 155
61 163
61 169
61 179
61 181
61 190
61 197
61 198
61 159
61 175
61 195
61 116
61 83
61 143
61 161
61 177
61 91
61 156
61 189
61 118
61 133
61 82
61 126
61 153
61 100
61 170
61 89
61 180
61 77
61 178
61 165
61 160
61 121
61 128
61 65
61 194
61 112
61 192
61 115
61 75
61 86
61 185
61 84
61 199
61 99
61 95
61 109
61 97
61 90
61 129
62 64
62 65
62 66
62 67
62 68
62 69
62 70
62 71
62 72
62 74
62 76
62 80
62 81
62 82
62 83
62 87
62 88
62 89
62 91
62 96
62 100
62 101
62 102
62 103
62 104
62 105
62 111
62 115
62 116
62 117
62 119
62 120
62 121
62 124
62 125
62 134
62 140
62 141
62 143
62 148
62 150
62 151
62 153
62 156
62 157
62 160
62 161
62 162
62 163
62 165
62 168
62 169
62 170
62 172
62 173
62 175
62 176
62 177
62 178
62 179
62 181
62 182
62 191
62 194
62 195
62 196
62 200
62 185
62 84
62 199
62 171
62 99
62 95
62 113
62 109
62 90
62 129
63 66
63 67
63 68
63 69
63 71
63 72
63 73
63 74
63 76
63 77
63 78
63 79
63 80
63 82
63 83
63 86
63 87
63 89
63 91
63 92
63 93
63 96
63 98
63 100
63 101
63 102
63 103
63 105
63 107
63 108
63 115
63 116
63 118
63 120
63 121
63 125
63 128
63 130
63 137
63 138
63 139
63 140
63 141
63 145
63 148
63 151
63 152
63 153
63 154
63 156
63 162
63 163
63 164
63 165
63 168
63 175
63 178
63 179
63 181
63 182
63 186
63 187
63 188
63 189
63 190
63 191
63 192
63 197
63 198
63 200
63 199
63 122
63 171
63 99
63 109
63 97
63 90
63 158
63 129
64 72
64 78
64 79
64 87
64 94
64 106
64 124
64 155
64 174
64 191
64 200
64 85
64 197
64 105
64 163
64 98
64 70
64 67
64 104
64 188
64 137
64 93
64 123
64 157
64 182
64 96
64 175
64 116
64 143
64 88
64 161
64 177
64 91
64 186
64 189
64 118
64 119
64 135
64 133
64 82
64 76
64 126
64 154
64 100
64 128
64 194
64 164
64 127
64 86
64 185
64 84
64 122
64 99
64 113
64 109
64 97
64 90
65 68
65 70
65 72
65 74
65 76
65 77
65 79
65 81
65 83
65 87
65 88
65 93
65 96
65 98
65 102
65 103
65 108
65 111
65 117
65 120
65 123
65 126
65 130
65 132
65 133
65 139
65 142
65 144
65 145
65 148
65 149
65 152
65 153
65 154
65 155
65 160
65 163
65 166
65 167
65 168
65 173
65 174
65 175
65 177
65 178
65 179
65 180
65 182
65 186
65 188
65 190
65 193
65 196
65 197
65 198
65 112
65 164
65 192
65 151
65 115
65 86
65 185
65 84
65 122
65 99
65 95
65 113
65 109
65 158
65 129
65 183
66 72
66 78
66 85
66 94
66 106
66 117
66 124
66 130
66 131
66 138
66 139
66 145
66 149
66 169
66 174
66 187
66 191
66 125
66 74
66 163
66 104
66 141
66 188
66 123
66 83
66 177
66 186
66 107
66 80
66 118
66 132
66 119
66 82
66 166
66 89
66 180
66 173
66 77
66 178
66 165
66 160
66 136
66 69
66 112
66 151
66 115
66 75
66 84
66 122
66 171
66 95
66 109
66 90
66 129
67 78
67 92
67 101
67 110
67 114
67 117
67 120
67 124
67 139
67 140
67 150
67 152
67 155
67 163
67 176
67 181
67 197
67 198
67 141
67 93
67 123
67 147
67 146
67 116
67 143
67 161
67 177
67 196
67 186
67 168
67 189
67 162
67 107
67 80
67 111
67 135
67 76
67 193
67 166
67 126
67 153
67 89
67 178
67 160
67 121
67 73
67 112
67 164
67 127
67 184
67 115
67 75
67 185
67 171
67 99
67 113
67 97
67 90
67 158
67 129
67 183
68 71
68 78
68 94
68 108
68 117
68 124
68 131
68 138
68 169
68 172
68 176
68 179
68 191
68 198
68 200
68 152
68 114
68 74
68 105
68 70
68 137
68 93
68 157
68 182
68 146
68 96
68 175
68 116
68 83
68 143
68 161
68 177
68 142
68 196
68 189
68 162
68 118
68 135
68 133
68 76
68 102
68 126
68 154
68 153
68 180
68 178
68 165
68 160
68 136
68 128
68 69
68 112
68 164
68 127
68 184
68 151
68 185
68 84
68 199
68 113
68 90
68 183
69 71
69 72
69 73
69 74
69 77
69 79
69 80
69 81
69 85
69 87
69 88
69 91
69 93
69 100
69 101
69 102
69 108
69 110
69 116
69 117
69 121
69 123
69 126
69 130
69 134
69 135
69 137
69 138
69 139
69 145
69 146
69 149
69 150
69 152
69 154
69 155
69 156
69 161
69 165
69 168
69 169
69 170
69 172
69 176
69 177
69 180
69 182
69 187
69 189
69 190
69 191
69 193
69 196
69 200
69 194
69 127
69 192
69 151
69 115
69 75
69 86
69 199
69 122
69 171
69 99
69 113
69 109
69 97
69 90
69 158
70 71
70 74
70 81
70 85
70 94
70 101
70 117
70 124
70 125
70 140
70 155
70 167
70 169
70 176
70 179
70 181
70 187
70 197
70 198
70 200
70 104
70 137
70 123
70 146
70 175
70 88
70 156
70 196
70 186
70 162
70 107
70 80
70 118
70 132
70 119
70 135
70 82
70 193
70 166
70 144
70 180
70 173
70 165
70 121
70 136
70 194
70 112
70 164
70 151
70 75
70 86
70 185
70 199
70 171
70 95
70 113
70 90
70 158
70 129
70 183
71 79
71 81
71 130
71 187
71 191
71 198
71 155
71 108
71 117
71 149
71 103
71 152
71 92
71 150
71 120
71 125
71 197
71 98
71 188
71 137
71 157
71 182
71 159
71 195
71 116
71 83
71 143
71 142
71 168
71 189
71 162
71 107
71 80
71 118
71 119
71 76
71 193
71 126
71 153
71 100
71 170
71 89
71 178
71 165
71 121
71 136
71 112
71 184
71 115
71 75
71 185
71 84
71 199
71 122
71 171
71 95
71 113
71 109
71 158
71 129
71 183
72 87
72 130
72 169
72 198
72 131
72 108
72 78
72 139
72 117
72 149
72 148
72 92
72 114
72 125
72 163
72 98
72 104
72 93
72 147
72 182
72 146
72 159
72 96
72 175
72 83
72 143
72 88
72 161
72 177
72 91
72 196
72 168
72 189
72 162
72 132
72 119
72 135
72 133
72 76
72 193
72 154
72 100
72 144
72 180
72 77
72 165
72 121
72 73
72 128
72 164
72 127
72 184
72 151
72 75
72 185
72 122
72 171
72 99
72 113
72 109
72 97
72 90
72 129
72 183
73 74
73 77
73 78
73 79
73 85
73 89
73 92
73 94
73 96
73 100
73 101
73 103
73 105
73 107
73 108
73 110
73 114
73 116
73 118
73 120
73 123
73 124
73 125
73 126
73 133
73 135
73 137
73 138
73 141
73 143
73 144
73 147
73 150
73 152
73 153
73 154
73 157
73 159
73 161
73 162
73 167
73 169
73 176
73 177
73 179
73 180
73 182
73 186
73 187
73 188
73 189
73 190
73 193
73 196
73 200
73 194
73 112
73 127
73 75
73 84
73 199
73 122
73 171
73 99
73 97
73 129
73 183
74 79
74 92
74 94
74 101
74 117
74 124
74 130
74 131
74 140
74 150
74 152
74 167
74 169
74 172
74 174
74 176
74 200
74 98
74 137
74 93
74 147
74 182
74 146
74 96
74 195
74 116
74 143
74 142
74 196
74 118
74 132
74 119
74 82
74 76
74 193
74 126
74 154
74 153
74 100
74 89
74 180
74 77
74 160
74 121
74 136
74 128
74 112
74 164
74 127
74 192
74 151
74 115
74 75
74 86
74 84
74 199
74 122
74 171
74 95
74 113
74 183
75 76
75 78
75 79
75 81
75 85
75 89
75 91
75 96
75 100
75 101
75 103
75 108
75 112
75 114
75 116
75 117
75 119
75 120
75 121
75 125
75 128
75 130
75 132
75 133
75 134
75 136
75 137
75 138
75 139
75 141
75 144
75 145
75 148
75 149
75 151
75 153
75 154
75 156
75 157
75 162
75 166
75 167
75 168
75 170
75 172
75 175
75 179
75 180
75 182
75 187
75 188
75 189
75 192
75 193
75 194
75 195
75 196
75 200
75 185
75 199
75 122
75 171
75 99
75 95
75 97
75 158
75 183
76 79
76 85
76 87
76 88
76 91
76 93
76 94
76 96
76 98
76 103
76 104
76 105
76 106
76 108
76 110
76 114
76 116
76 118
76 120
76 123
76 125
76 130
76 134
76 140
76 143
76 145
76 149
76 156
76 159
76 167
76 172
76 174
76 175
76 176
76 186
76 188
76 189
76 190
76 196
76 166
76 126
76 154
76 153
76 144
76 178
76 165
76 121
76 136
76 128
76 112
76 127
76 184
76 115
76 86
76 199
76 122
76 95
76 113
76 109
76 90
76 129
76 183
77 78
77 79
77 80
77 82
77 85
77 88
77 89
77 92
77 93
77 96
77 98
77 102
77 103
77 107
77 108
77 114
77 117
77 118
77 125
77 126
77 131
77 132
77 133
77 134
77 135
77 138
77 140
77 141
77 143
77 144
77 145
77 146
77 148
77 150
77 152
77 153
77 154
77 157
77 161
77 163
77 167
77 170
77 172
77 174
77 175
77 177
77 179
77 186
77 188
77 189
77 191
77 196
77 198
77 160
77 128
77 127
77 115
77 84
77 199
77 171
77 95
77 158
77 129
78 87
78 106
78 110
78 134
78 140
78 172
78 179
78 190
78 191
78 198
78 117
78 152
78 148
78 150
78 125
78 197
78 105
78 104
78 141
78 93
78 123
78 147
78 146
78 96
78 195
78 116
78 88
78 177
78 156
78 196
78 168
78 107
78 80
78 111
78 132
78 166
78 126
78 153
78 100
78 144
78 180
78 165
78 160
78 136
78 128
78 164
78 192
78 151
78 86
78 199
78 122
78 171
78 95
78 113
78 90
78 158
78 183
79 179
79 198
79 200
79 167
79 155
79 124
79 117
79 149
79 85
79 152
79 148
79 120
79 197
79 98
79 188
79 137
79 182
79 159
79 175
79 83
79 91
79 168
79 162
79 107
79 80
79 118
79 132
79 102
79 193
79 166
79 100
79 170
79 89
79 180
79 173
79 165
79 160
79 121
79 136
79 128
79 194
79 112
79 192
79 115
79 84
79 122
79 171
79 99
79 95
79 90
79 183
80 83
80 85
80 87
80 93
80 94
80 101
80 103
80 110
80 114
80 116
80 117
80 123
80 124
80 125
80 130
80 137
80 138
80 139
80 141
80 143
80 145
80 149
80 150
80 152
80 155
80 157
80 162
80 167
80 172
80 176
80 179
80 181
80 182
80 186
80 187
80 196
80 197
80 119
80 135
80 133
80 102
80 193
80 153
80 100
80 170
80 89
80 180
80 173
80 160
80 128
80 194
80 127
80 184
80 86
80 122
80 95
80 113
80 158
81 87
81 130
81 187
81 191
81 108
81 134
81 174
81 117
81 152
81 148
81 101
81 92
81 150
81 120
81 114
81 125
81 197
81 188
81 123
81 159
81 96
81 175
81 195
81 116
81 161
81 142
81 196
81 168
81 189
81 162
81 107
81 111
81 132
81 133
81 82
81 102
81 154
81 153
81 170
81 144
81 180
81 165
81 121
81 194
81 184
81 151
81 115
81 199
81 122
81 99
81 95
81 109
81 97
81 129
81 183
82 87
82 93
82 105
82 106
82 108
82 110
82 114
82 117
82 118
82 120
82 123
82 130
82 134
82 138
82 140
82 141
82 142
82 145
82 146
82 149
82 155
82 156
82 159
82 161
82 162
82 163
82 167
82 168
82 169
82 174
82 176
82 177
82 181
82 182
82 186
82 187
82 188
82 191
82 198
82 200
82 102
82 126
82 154
82 89
82 173
82 178
82 165
82 160
82 121
82 136
82 128
82 112
82 164
82 184
82 151
82 86
82 185
82 84
82 199
82 99
82 95
82 113
82 97
82 183
83 85
83 87
83 93
83 96
83 98
83 104
83 105
83 117
83 120
83 124
83 130
83 140
83 145
83 147
83 152
83 157
83 163
83 176
83 181
83 188
83 190
83 191
83 198
83 200
83 177
83 156
83 142
83 162
83 107
83 111
83 118
83 132
83 119
83 135
83 133
83 166
83 100
83 170
83 180
83 173
83 178
83 165
83 121
83 164
83 184
83 115
83 86
83 171
83 99
83 158
83 129
84 85
84 87
84 88
84 89
84 92
84 93
84 94
84 98
84 102
84 104
84 106
84 107
84 108
84 110
84 111
84 115
84 118
84 119
84 120
84 121
84 123
84 124
84 126
84 127
84 131
84 132
84 134
84 135
84 137
84 141
84 143
84 144
84 146
84 147
84 149
84 150
84 151
84 152
84 154
84 155
84 156
84 161
84 163
84 164
84 165
84 166
84 167
84 168
84 179
84 181
84 184
84 189
84 194
84 195
84 197
84 198
84 200
84 122
84 99
84 109
84 97
84 158
84 183
85 87
85 106
85 130
85 134
85 140
85 167
85 169
85 179
85 181
85 191
85 198
85 114
85 125
85 163
85 98
85 123
85 157
85 182
85 96
85 195
85 143
85 88
85 177
85 91
85 196
85 186
85 168
85 189
85 107
85 118
85 132
85 135
85 193
85 166
85 154
85 153
85 100
85 144
85 180
85 121
85 136
85 128
85 194
85 112
85 164
85 127
85 185
85 199
85 122
85 171
85 99
85 95
85 113
85 109
85 97
85 90
85 158
85 183
86 87
86 88
86 89
86 92
86 93
86 94
86 98
86 100
86 104
86 105
86 106
86 107
86 108
86 110
86 114
86 115
86 117
86 119
86 120
86 121
86 123
86 127
86 131
86 132
86 133
86 135
86 138
86 140
86 143
86 145
86 146
86 149
86 150
86 151
86 153
86 154
86 156
86 159
86 160
86 161
86 163
86 164
86 166
86 167
86 168
86 169
86 170
86 172
86 173
86 178
86 180
86 181
86 184
86 186
86 189
86 191
86 197
86 198
86 199
86 99
86 95
86 113
86 109
86 158
86 129
87 179
87 176
87 172
87 167
87 139
87 149
87 103
87 152
87 148
87 120
87 125
87 141
87 188
87 93
87 146
87 159
87 175
87 195
87 143
87 88
87 177
87 91
87 156
87 186
87 168
87 162
87 107
87 132
87 135
87 193
87 166
87 100
87 170
87 89
87 173
87 160
87 121
87 136
87 128
87 194
87 112
87 164
87 184
87 115
87 199
87 122
87 90
87 129
88 92
88 93
88 94
88 103
88 104
88 106
88 110
88 114
88 117
88 123
88 130
88 134
88 138
88 139
88 141
88 146
88 150
88 152
88 159
88 163
88 167
88 172
88 174
88 176
88 179
88 187
88 195
88 197
88 198
88 200
88 142
88 189
88 162
88 107
88 132
88 133
88 166
88 170
88 144
88 180
88 165
88 160
88 136
88 128
88 194
88 184
88 151
88 115
88 199
88 171
88 113
88 109
88 129
88 183
89 93
89 100
89 101
89 102
89 103
89 105
89 106
89 110
89 111
89 114
89 116
89 117
89 118
89 120
89 123
89 125
89 126
89 134
89 135
89 137
89 139
89 140
89 141
89 143
89 146
89 149
89 150
89 152
89 155
89 156
89 157
89 159
89 168
89 169
89 172
89 175
89 179
89 181
89 187
89 189
89 191
89 193
89 195
89 197
89 173
89 128
89 194
89 164
89 127
89 192
89 184
89 115
89 185
89 199
89 122
89 171
89 99
89 113
89 109
89 97
89 90
89 129
90 91
90 92
90 93
90 94
90 95
90 96
90 99
90 100
90 101
90 102
90 104
90 107
90 109
90 111
90 112
90 114
90 115
90 116
90 120
90 121
90 123
90 124
90 127
90 128
90 130
90 131
90 132
90 133
90 136
90 137
90 138
90 140
90 143
90 144
90 145
90 146
90 147
90 148
90 149
90 151
90 152
90 155
90 156
90 157
90 159
90 161
90 163
90 166
90 169
90 170
90 171
90 172
90 174
90 175
90 176
90 178
90 179
90 180
90 181
90 185
90 186
90 187
90 188
90 189
90 190
90 191
90 193
90 195
90 197
90 129
91 92
91 93
91 98
91 103
91 104
91 105
91 106
91 123
91 125
91 130
91 131
91 134
91 141
91 147
91 148
91 155
91 157
91 161
91 163
91 172
91 174
91 179
91 187
91 188
91 191
91 197
91 200
91 196
91 168
91 111
91 132
91 119
91 133
91 193
91 153
91 170
91 144
91 160
91 121
91 112
91 164
91 127
91 185
91 199
91 171
91 99
91 109
91 97
91 158
92 108
92 124
92 134
92 139
92 149
92 169
92 174
92 176
92 181
92 200
92 150
92 114
92 125
92 105
92 141
92 93
92 157
92 175
92 195
92 116
92 143
92 156
92 142
92 196
92 168
92 111
92 118
92 119
92 135
92 102
92 193
92 126
92 154
92 153
92 144
92 173
92 121
92 136
92 194
92 127
92 192
92 115
92 199
92 122
92 113
92 109
92 97
92 183
93 94
93 101
93 105
93 117
93 120
93 124
93 138
93 139
93 145
93 148
93 149
93 167
93 172
93 174
93 181
93 190
93 191
93 197
93 198
93 123
93 182
93 159
93 195
93 161
93 177
93 196
93 168
93 162
93 111
93 118
93 119
93 193
93 154
93 153
93 170
93 180
93 173
93 178
93 165
93 160
93 136
93 164
93 127
93 192
93 184
93 115
93 185
93 199
93 99
93 113
93 158
93 183
94 140
94 169
94 179
94 172
94 134
94 174
94 117
94 152
94 148
94 150
94 105
94 98
94 104
94 137
94 123
94 147
94 143
94 177
94 142
94 186
94 189
94 132
94 119
94 135
94 193
94 166
94 154
94 100
94 170
94 144
94 180
94 178
94 165
94 121
94 136
94 128
94 164
94 127
94 184
94 151
94 185
94 113
94 158
94 129
95 96
95 98
95 99
95 101
95 103
95 105
95 106
95 107
95 108
95 110
95 111
95 112
95 116
95 121
95 123
95 130
95 131
95 133
95 135
95 136
95 139
95 141
95 143
95 145
95 146
95 149
95 152
95 154
95 159
95 162
95 163
95 164
95 165
95 166
95 167
95 169
95 170
95 171
95 172
95 175
95 176
95 177
95 179
95 181
95 182
95 184
95 185
95 186
95 187
95 189
95 191
95 193
95 194
95 196
95 197
95 199
95 200
95 113
95 109
95 97
95 158
95 183
96 98
96 103
96 108
96 114
96 117
96 124
96 125
96 131
96 141
96 148
96 155
96 157
96 169
96 172
96 176
96 182
96 187
96 197
96 198
96 200
96 116
96 143
96 161
96 177
96 156
96 189
96 162
96 111
96 102
96 193
96 166
96 126
96 100
96 170
96 144
96 173
96 178
96 165
96 136
96 128
96 164
96 192
96 151
96 115
96 171
96 158
96 183
97 100
97 103
97 106
97 107
97 108
97 110
97 112
97 113
97 115
97 116
97 119
97 120
97 121
97 122
97 123
97 125
97 127
97 128
97 130
97 131
97 133
97 137
97 138
97 141
97 143
97 144
97 145
97 149
97 150
97 152
97 154
97 155
97 159
97 162
97 163
97 166
97 167
97 168
97 169
97 170
97 171
97 173
97 175
97 176
97 177
97 178
97 182
97 184
97 186
97 187
97 188
97 189
97 190
97 191
97 192
97 193
97 196
97 197
97 199
97 200
97 129
98 105
98 106
98 110
98 130
98 134
98 149
98 150
98 169
98 172
98 174
98 179
98 191
98 200
98 104
98 123
98 147
98 182
98 116
98 143
98 161
98 177
98 142
98 186
98 168
98 189
98 111
98 119
98 102
98 154
98 100
98 144
98 180
98 173
98 165
98 136
98 164
98 184
98 122
98 171
98 99
98 109
99 100
99 101
99 102
99 103
99 104
99 105
99 106
99 107
99 108
99 110
99 112
99 115
99 116
99 117
99 118
99 120
99 122
99 124
99 127
99 131
99 132
99 133
99 137
99 139
99 140
99 141
99 142
99 143
99 144
99 145
99 147
99 150
99 151
99 152
99 153
99 157
99 161
99 164
99 165
99 168
99 170
99 172
99 174
99 175
99 177
99 178
99 179
99 181
99 182
99 184
99 185
99 189
99 192
99 197
99 198
99 199
99 200
99 109
99 129
100 101
100 105
100 106
100 108
100 111
100 114
100 118
100 119
100 120
100 123
100 124
100 131
100 134
100 135
100 137
100 138
100 140
100 141
100 142
100 147
100 150
100 152
100 153
100 155
100 156
100 157
100 161
100 162
100 166
100 168
100 169
100 174
100 179
100 187
100 189
100 190
100 197
100 198
100 200
100 170
100 144
100 160
100 136
100 164
100 151
100 185
100 129
101 103
101 110
101 117
101 124
101 131
101 139
101 145
101 149
101 155
101 181
101 187
101 191
101 200
101 150
101 120
101 141
101 188
101 157
101 182
101 161
101 156
101 142
101 186
101 168
101 189
101 118
101 132
101 133
101 102
101 166
101 126
101 154
101 153
101 170
101 180
101 178
101 160
101 121
101 194
101 164
101 127
101 151
101 115
101 185
101 113
101 109
101 158
101 183
102 103
102 104
102 106
102 108
102 111
102 114
102 116
102 117
102 118
102 120
102 123
102 130
102 131
102 133
102 138
102 139
102 140
102 141
102 148
102 152
102 155
102 161
102 162
102 167
102 169
102 172
102 176
102 179
102 182
102 188
102 189
102 191
102 198
102 200
102 166
102 126
102 154
102 144
102 180
102 173
102 165
102 164
102 192
102 184
102 151
102 185
102 122
102 171
102 109
102 129
102 183
103 106
103 117
103 134
103 139
103 155
103 167
103 169
103 176
103 179
103 190
103 191
103 152
103 150
103 105
103 163
103 141
103 188
103 123
103 157
103 147
103 182
103 146
103 195
103 116
103 143
103 161
103 142
103 186
103 168
103 189
103 162
103 107
103 111
103 132
103 135
103 193
103 126
103 154
103 153
103 170
103 144
103 178
103 136
103 128
103 194
103 112
103 164
103 184
103 151
103 115
103 185
103 122
103 171
103 109
103 158
103 183
104 105
104 108
104 114
104 120
104 124
104 131
104 134
104 139
104 152
104 169
104 174
104 179
104 187
104 191
104 198
104 141
104 147
104 182
104 159
104 175
104 195
104 116
104 177
104 196
104 189
104 162
104 107
104 118
104 132
104 135
104 154
104 180
104 178
104 121
104 136
104 112
104 192
104 184
104 199
104 171
104 113
104 129
104 183
105 108
105 120
105 124
105 130
105 134
105 138
105 140
105 145
105 149
105 150
105 155
105 176
105 179
105 187
105 191
105 198
105 159
105 195
105 143
105 156
105 186
105 168
105 107
105 111
105 118
105 132
105 119
105 126
105 154
105 153
105 170
105 144
105 173
105 178
105 165
105 160
105 121
105 136
105 128
105 194
105 112
105 127
105 115
105 185
105 122
105 113
105 109
105 183
106 110
106 140
106 181
106 176
106 200
106 167
106 145
106 139
106 138
106 149
106 152
106 120
106 125
106 197
106 163
106 188
106 123
106 182
106 146
106 195
106 116
106 177
106 142
106 196
106 186
106 168
106 107
106 118
106 119
106 135
106 166
106 154
106 153
106 144
106 180
106 173
106 178
106 165
106 128
106 194
106 127
106 151
106 115
106 185
106 122
106 171
106 113
106 158
106 129
107 108
107 110
107 114
107 120
107 124
107 137
107 138
107 140
107 141
107 143
107 147
107 148
107 155
107 156
107 157
107 159
107 167
107 172
107 174
107 177
107 181
107 187
107 188
107 191
107 198
107 111
107 119
107 133
107 126
107 154
107 153
107 170
107 180
107 173
107 178
107 165
107 121
107 128
107 164
107 127
107 192
107 184
107 185
107 122
107 109
107 158
108 131
108 140
108 176
108 187
108 190
108 198
108 138
108 149
108 152
108 114
108 137
108 123
108 182
108 146
108 175
108 195
108 116
108 161
108 186
108 168
108 189
108 162
108 132
108 135
108 193
108 166
108 144
108 180
108 173
108 178
108 121
108 194
108 184
108 151
108 171
108 113
108 109
108 158
108 129
108 183
109 110
109 111
109 112
109 114
109 115
109 117
109 121
109 122
109 123
109 124
109 125
109 126
109 127
109 131
109 132
109 134
109 135
109 137
109 140
109 141
109 142
109 144
109 145
109 146
109 147
109 150
109 152
109 156
109 159
109 161
109 162
109 163
109 167
109 168
109 169
109 172
109 173
109 174
109 176
109 177
109 179
109 180
109 182
109 184
109 185
109 186
109 188
109 190
109 191
109 192
109 195
109 196
109 198
109 199
109 200
109 158
109 129
110 190
110 179
110 200
110 167
110 155
110 124
110 138
110 141
110 188
110 137
110 147
110 182
110 159
110 195
110 116
110 161
110 177
110 168
110 162
110 111
110 118
110 193
110 126
110 153
110 180
110 173
110 178
110 160
110 121
110 136
110 194
110 151
110 185
110 122
110 171
110 113
110 158
110 129
111 116
111 117
111 120
111 138
111 139
111 142
111 143
111 148
111 157
111 161
111 163
111 168
111 172
111 174
111 176
111 179
111 181
111 188
111 190
111 191
111 195
111 198
111 200
111 132
111 193
111 166
111 126
111 154
111 170
111 144
111 178
111 160
111 121
111 136
111 128
111 194
111 112
111 164
111 127
111 192
111 184
111 199
111 171
111 129
111 183
112 116
112 118
112 119
112 120
112 126
112 132
112 133
112 134
112 135
112 136
112 139
112 140
112 142
112 143
112 144
112 145
112 146
112 147
112 148
112 152
112 155
112 159
112 160
112 161
112 162
112 174
112 176
112 177
112 178
112 180
112 182
112 187
112 190
112 191
112 195
112 197
112 198
112 115
112 185
112 199
112 171
112 113
113 114
113 115
113 118
113 120
113 121
113 122
113 124
113 125
113 127
113 128
113 131
113 133
113 135
113 136
113 138
113 141
113 143
113 144
113 145
113 148
113 150
113 151
113 152
113 153
113 154
113 155
113 157
113 159
113 161
113 162
113 163
113 164
113 165
113 168
113 169
113 173
113 174
113 177
113 178
113 181
113 184
113 185
113 186
113 187
113 189
113 193
113 195
113 196
113 197
113 198
114 117
114 130
114 138
114 140
114 149
114 167
114 172
114 174
114 179
114 181
114 187
114 191
114 198
114 197
114 141
114 188
114 137
114 157
114 159
114 195
114 143
114 161
114 177
114 196
114 189
114 162
114 135
114 133
114 154
114 153
114 144
114 180
114 136
114 128
114 194
114 192
114 185
114 122
114 171
114 183
115 118
115 123
115 125
115 126
115 127
115 128
115 132
115 133
115 135
115 137
115 139
115 140
115 141
115 142
115 144
115 147
115 149
115 157
115 162
115 164
115 165
115 166
115 167
115 168
115 169
115 172
115 173
115 176
115 177
115 178
115 179
115 180
115 181
115 182
115 184
115 187
115 188
115 189
115 193
115 195
115 199
115 171
115 129
116 117
116 120
116 123
116 131
116 138
116 139
116 141
116 146
116 150
116 155
116 159
116 163
116 172
116 176
116 187
116 191
116 200
116 143
116 142
116 196
116 168
116 162
116 118
116 132
116 119
116 135
116 193
116 126
116 154
116 153
116 170
116 173
116 165
116 160
116 121
116 136
116 164
116 127
116 192
116 184
116 151
116 185
116 199
116 122
116 171
116 129
116 183
117 138
117 139
117 172
117 181
117 191
117 198
117 197
117 163
117 188
117 137
117 123
117 147
117 182
117 146
117 195
117 143
117 142
117 196
117 186
117 168
117 189
117 132
117 119
117 135
117 133
117 166
117 126
117 153
117 170
117 144
117 180
117 173
117 178
117 165
117 121
117 136
117 128
117 194
117 164
117 127
117 192
117 184
117 151
117 185
117 199
117 122
117 171
117 129
117 183
118 130
118 131
118 137
118 138
118 139
118 140
118 142
118 143
118 145
118 157
118 159
118 161
118 163
118 168
118 172
118 177
118 179
118 181
118 182
118 188
118 195
118 196
118 197
118 200
118 133
118 126
118 154
118 153
118 178
118 165
118 160
118 121
118 128
118 164
118 192
118 171
118 129
118 183
119 120
119 123
119 124
119 130
119 137
119 139
119 148
119 150
119 152
119 156
119 159
119 162
119 163
119 169
119 172
119 175
119 176
119 177
119 179
119 186
119 196
119 197
119 198
119 200
119 126
119 170
119 165
119 160
119 136
119 128
119 164
119 127
119 192
119 184
119 151
119 185
119 122
119 171
119 158
119 129
120 124
120 131
120 138
120 152
120 172
120 174
120 176
120 190
120 191
120 163
120 137
120 147
120 146
120 159
120 175
120 195
120 177
120 142
120 196
120 186
120 189
120 135
120 133
120 166
120 126
120 154
120 153
120 170
120 144
120 180
120 178
120 121
120 136
120 128
120 194
120 127
120 192
120 184
120 151
120 185
120 199
120 122
120 171
120 158
120 129
120 183
121 124
121 125
121 126
121 131
121 132
121 133
121 137
121 140
121 144
121 146
121 148
121 149
121 150
121 152
121 153
121 155
121 157
121 159
121 162
121 163
121 167
121 172
121 174
121 175
121 179
121 180
121 182
121 188
121 189
121 190
121 193
121 196
121 184
121 151
121 199
121 171
121 183
122 124
122 125
122 126
122 127
122 130
122 133
122 134
122 138
122 139
122 143
122 147
122 148
122 149
122 152
122 153
122 154
122 155
122 157
122 159
122 160
122 161
122 164
122 166
122 167
122 169
122 172
122 173
122 174
122 175
122 176
122 177
122 181
122 182
122 184
122 185
122 187
122 188
122 191
122 196
122 197
122 200
122 158
122 129
122 183
123 124
123 125
123 130
123 131
123 138
123 141
123 145
123 155
123 163
123 188
123 191
123 198
123 146
123 159
123 195
123 168
123 162
123 135
123 133
123 193
123 166
123 126
123 154
123 153
123 170
123 144
123 160
123 136
123 128
123 194
123 127
123 185
123 199
123 171
123 183
124 131
124 169
124 172
124 187
124 190
124 139
124 138
124 152
124 150
124 137
124 157
124 147
124 182
124 146
124 195
124 196
124 186
124 189
124 126
124 153
124 170
124 180
124 173
124 165
124 160
124 136
124 194
124 127
124 184
124 151
124 199
124 158
124 183
125 131
125 150
125 155
125 167
125 169
125 174
125 176
125 179
125 181
125 187
125 141
125 147
125 159
125 175
125 195
125 161
125 177
125 156
125 196
125 186
125 189
125 162
125 132
125 135
125 133
125 193
125 166
125 126
125 173
125 178
125 160
125 183
126 130
126 131
126 134
126 140
126 142
126 146
126 149
126 150
126 159
126 161
126 166
126 172
126 187
126 189
126 190
126 195
126 198
126 200
126 180
126 173
126 165
126 136
126 164
126 127
126 184
126 185
126 129
126 183
127 131
127 133
127 134
127 135
127 136
127 138
127 139
127 143
127 144
127 146
127 149
127 150
127 153
127 156
127 157
127 159
127 160
127 161
127 163
127 166
127 168
127 169
127 172
127 173
127 175
127 177
127 178
127 180
127 182
127 186
127 187
127 188
127 190
127 191
127 192
127 184
127 185
127 129
128 132
128 137
128 138
128 139
128 140
128 141
128 142
128 145
128 146
128 147
128 150
128 153
128 155
128 157
128 159
128 160
128 161
128 168
128 172
128 173
128 174
128 176
128 177
128 178
128 181
128 188
128 189
128 190
128 193
128 196
128 200
128 194
128 164
128 151
128 185
128 158
128 129
128 183
129 132
129 133
129 134
129 136
129 138
129 139
129 140
129 141
129 142
129 143
129 145
129 147
129 148
129 149
129 150
129 151
129 153
129 154
129 157
129 159
129 160
129 161
129 162
129 164
129 165
129 166
129 170
129 172
129 173
129 174
129 175
129 176
129 179
129 180
129 182
129 184
129 188
129 189
129 191
129 192
129 194
129 195
129 196
129 197
129 198
129 199
130 198
130 200
130 134
130 138
130 149
130 197
130 163
130 141
130 137
130 157
130 147
130 182
130 146
130 159
130 161
130 177
130 142
130 186
130 189
130 162
130 133
130 166
130 153
130 144
130 180
130 173
130 178
130 165
130 160
130 194
130 164
130 192
130 151
130 199
130 171
130 158
131 140
131 167
131 172
131 176
131 181
131 200
131 149
131 152
131 148
131 163
131 188
131 137
131 157
131 146
131 159
131 195
131 156
131 142
131 196
131 168
131 162
131 133
131 193
131 166
131 154
131 153
131 170
131 144
131 180
131 173
131 165
131 160
131 136
131 194
131 164
131 192
131 151
131 199
131 158
132 134
132 139
132 143
132 152
132 159
132 162
132 168
132 169
132 174
132 181
132 182
132 186
132 187
132 190
132 191
132 195
132 196
132 197
132 198
132 200
132 133
132 166
132 170
132 144
132 173
132 165
132 160
132 192
132 184
132 151
132 199
132 171
132 158
132 183
133 137
133 139
133 140
133 141
133 142
133 143
133 145
133 147
133 148
133 150
133 152
133 155
133 157
133 161
133 162
133 163
133 175
133 181
133 182
133 187
133 188
133 189
133 190
133 191
133 200
133 166
133 170
133 180
133 164
133 184
133 185
133 158
134 167
134 169
134 179
134 181
134 190
134 191
134 198
134 152
134 148
134 150
134 197
134 141
134 147
134 146
134 159
134 161
134 177
134 156
134 142
134 186
134 162
134 135
134 166
134 153
134 170
134 144
134 165
134 160
134 194
134 164
134 185
134 199
134 158
135 137
135 138
135 143
135 145
135 148
135 149
135 155
135 156
135 157
135 159
135 162
135 163
135 167
135 168
135 169
135 174
135 175
135 176
135 181
135 182
135 188
135 189
135 191
135 195
135 197
135 198
135 200
135 166
135 153
135 180
135 173
135 178
135 164
135 192
135 151
135 199
135 158
135 183
136 137
136 139
136 140
136 141
136 142
136 143
136 144
136 145
136 147
136 148
136 150
136 152
136 154
136 155
136 157
136 159
136 160
136 161
136 163
136 168
136 169
136 175
136 176
136 177
136 179
136 182
136 187
136 193
136 197
136 198
136 200
136 184
136 185
136 183
137 145
137 150
137 152
137 169
137 172
137 174
137 176
137 179
137 190
137 191
137 198
137 200
137 182
137 175
137 195
137 143
137 177
137 156
137 196
137 168
137 162
137 193
137 166
137 180
137 173
137 160
137 151
137 199
137 171
137 183
138 139
138 155
138 169
138 179
138 187
138 191
138 200
138 150
138 197
138 163
138 188
138 157
138 182
138 159
138 175
138 161
138 156
138 196
138 168
138 162
138 193
138 154
138 153
138 144
138 165
138 194
138 151
138 185
138 199
138 171
138 183
139 145
139 172
139 176
139 187
139 190
139 191
139 163
139 188
139 175
139 195
139 177
139 196
139 186
139 168
139 162
139 193
139 154
139 170
139 173
139 178
139 165
139 160
139 194
139 192
139 184
139 199
139 171
139 183
140 176
140 172
140 167
140 155
140 174
140 149
140 152
140 197
140 188
140 157
140 147
140 182
140 146
140 159
140 195
140 143
140 161
140 142
140 186
140 168
140 193
140 166
140 154
140 153
140 144
140 178
140 160
140 194
140 164
140 151
140 185
140 199
140 158
141 145
141 148
141 152
141 169
141 172
141 174
141 176
141 187
141 197
141 198
141 200
141 195
141 161
141 177
141 156
141 142
141 186
141 168
141 193
141 154
141 170
141 173
141 178
141 165
141 160
141 194
141 164
141 192
141 199
141 158
142 143
142 146
142 150
142 152
142 157
142 159
142 161
142 163
142 169
142 172
142 174
142 175
142 176
142 177
142 179
142 181
142 182
142 188
142 190
142 197
142 189
142 154
142 153
142 170
142 165
142 151
142 199
142 171
142 158
143 145
143 147
143 148
143 149
143 152
143 169
143 172
143 174
143 175
143 176
143 179
143 182
143 187
143 188
143 190
143 197
143 200
143 186
143 189
143 162
143 193
143 154
143 170
143 180
143 173
143 178
143 165
143 194
143 192
143 184
143 151
143 185
143 199
143 158
144 145
144 146
144 147
144 148
144 150
144 154
144 159
144 162
144 169
144 170
144 174
144 175
144 176
144 181
144 182
144 187
144 189
144 191
144 195
144 197
144 200
144 173
144 165
144 194
144 164
144 192
144 171
144 183
145 169
145 172
145 191
145 198
145 200
145 152
145 148
145 197
145 163
145 188
145 157
145 146
145 175
145 195
145 161
145 156
145 196
145 186
145 166
145 170
145 165
145 160
145 194
145 192
145 184
145 199
145 183
146 148
146 152
146 155
146 167
146 169
146 172
146 174
146 179
146 188
146 190
146 198
146 161
146 168
146 166
146 154
146 153
146 170
146 180
146 173
146 178
146 165
146 160
146 194
146 164
146 192
146 184
146 151
146 185
146 171
146 183
147 148
147 181
147 187
147 188
147 190
147 191
147 197
147 200
147 159
147 161
147 156
147 186
147 168
147 189
147 166
147 153
147 170
147 178
147 165
147 164
147 184
147 199
147 171
147 183
148 155
148 167
148 172
148 176
148 198
148 200
148 197
148 157
148 182
148 175
148 195
148 177
148 156
148 186
148 162
148 193
148 166
148 154
148 170
148 180
148 173
148 178
148 160
148 164
148 192
148 184
148 199
148 158
148 183
149 172
149 176
149 179
149 187
149 198
149 163
149 157
149 175
149 177
149 196
149 189
149 193
149 166
149 173
149 178
149 165
149 160
149 194
149 164
149 192
149 184
149 151
149 185
149 158
150 155
150 174
150 176
150 179
150 190
150 198
150 157
150 175
150 161
150 156
150 196
150 186
150 193
150 153
150 170
150 173
150 165
150 160
150 194
150 192
150 185
150 158
150 183
151 153
151 154
151 156
151 157
151 159
151 160
151 161
151 163
151 170
151 173
151 174
151 175
151 176
151 177
151 178
151 179
151 180
151 181
151 182
151 186
151 187
151 189
151 192
151 193
151 195
151 197
151 199
151 171
151 158
151 183
152 169
152 181
152 187
152 200
152 163
152 188
152 157
152 159
152 156
152 186
152 189
152 193
152 154
152 170
152 180
152 173
152 160
152 194
152 164
152 192
152 184
152 185
152 199
152 171
153 155
153 156
153 161
153 163
153 167
153 168
153 169
153 175
153 179
153 186
153 189
153 190
153 191
153 196
153 198
153 200
153 170
153 173
153 178
153 165
153 164
153 184
153 199
153 171
154 155
154 156
154 157
154 159
154 162
154 167
154 169
154 172
154 175
154 186
154 187
154 193
154 195
154 198
154 173
154 178
154 160
154 194
154 184
154 185
154 199
154 171
154 158
155 169
155 179
155 181
155 187
155 191
155 197
155 163
155 188
155 157
155 182
155 159
155 161
155 156
155 189
155 162
155 170
155 180
155 160
155 194
155 192
155 185
155 199
155 158
156 157
156 163
156 172
156 175
156 176
156 179
156 182
156 187
156 188
156 191
156 195
156 197
156 200
156 196
156 162
156 193
156 180
156 173
156 160
156 194
156 192
156 184
156 185
156 183
157 167
157 172
157 174
157 176
157 179
157 181
157 191
157 175
157 161
157 177
157 196
157 186
157 189
157 166
157 180
157 173
157 178
157 192
157 199
157 171
157 183
158 160
158 161
158 162
158 163
158 164
158 166
158 167
158 168
158 170
158 173
158 174
158 179
158 180
158 181
158 182
158 186
158 189
158 190
158 192
158 193
158 194
158 195
158 197
158 198
158 199
158 183
159 167
159 174
159 181
159 187
159 188
159 190
159 200
159 186
159 168
159 180
159 178
159 165
159 160
159 185
159 199
159 171
160 163
160 165
160 167
160 173
160 174
160 175
160 182
160 186
160 187
160 190
160 193
160 195
160 197
160 198
160 164
160 192
160 184
160 185
160 171
161 172
161 176
161 182
161 191
161 195
161 186
161 168
161 189
161 165
161 164
161 192
161 184
161 199
161 171
161 183
162 163
162 167
162 172
162 174
162 175
162 177
162 182
162 186
162 191
162 195
162 197
162 198
162 193
162 166
162 178
162 194
162 164
162 192
162 185
162 199
163 172
163 174
163 176
163 179
163 187
163 191
163 200
163 175
163 195
163 196
163 189
163 166
163 170
163 178
163 165
163 192
163 184
163 185
164 166
164 169
164 170
164 174
164 175
164 177
164 178
164 179
164 181
164 182
164 187
164 189
164 191
164 193
164 195
164 198
164 200
164 192
164 184
164 199
164 171
164 183
165 166
165 172
165 173
165 174
165 175
165 176
165 179
165 180
165 182
165 187
165 190
165 191
165 194
165 192
165 185
165 199
165 171
165 183
166 169
166 190
166 191
166 196
166 197
166 180
166 178
166 192
166 184
166 183
167 176
167 182
167 175
167 195
167 186
167 170
167 180
167 173
167 194
167 184
167 199
167 171
167 183
168 169
168 172
168 177
168 187
168 196
168 200
168 193
168 170
168 180
168 173
168 178
168 184
168 185
168 199
168 171
168 183
169 190
169 175
169 195
169 196
169 186
169 189
169 194
169 192
169 184
169 185
169 199
169 171
169 183
170 172
170 174
170 177
170 179
170 187
170 190
170 191
170 193
170 197
170 200
170 180
170 178
170 194
170 192
170 184
170 185
170 199
170 171
170 183
171 172
171 176
171 177
171 178
171 180
171 187
171 188
171 189
171 190
171 194
171 199
171 200
171 183
172 198
172 197
172 196
172 186
172 180
172 173
172 192
172 184
172 199
173 175
173 179
173 187
173 189
173 190
173 191
173 193
173 195
173 196
173 200
173 194
173 184
173 185
173 183
174 176
174 179
174 187
174 191
174 198
174 200
174 188
174 182
174 177
174 180
174 178
174 194
174 185
174 183
175 181
175 188
175 191
175 197
175 200
175 177
175 196
175 189
175 193
175 184
175 199
175 183
176 179
176 200
176 177
176 196
176 186
176 180
176 178
176 192
176 184
176 199
176 183
177 179
177 181
177 188
177 197
177 193
177 180
177 183
178 179
178 186
178 187
178 189
178 190
178 191
178 193
178 195
178 196
178 197
178 198
178 184
178 185
178 199
179 190
179 200
179 188
179 186
179 189
179 180
179 192
179 185
179 183
180 181
180 182
180 188
180 189
180 191
180 195
180 196
180 200
180 184
180 185
180 183
181 187
181 198
181 188
181 195
181 196
181 189
181 194
181 183
182 187
182 188
182 198
182 200
182 189
182 185
183 184
183 185
183 186
183 188
183 190
183 193
183 194
183 195
183 196
183 197
183 198
183 199
184 186
184 187
184 188
184 190
184 191
184 193
184 194
184 195
184 197
184 200
185 187
185 188
185 189
185 190
185 191
185 192
185 193
185 194
185 195
185 198
185 199
186 187
186 190
186 197
186 199
187 190
187 188
187 196
187 193
187 194
187 192
187 199
188 191
188 195
188 194
188 192
188 199
189 191
189 195
189 196
189 197
189 198
189 193
189 192
190 192
190 199
191 197
191 193
191 192
192 195
192 196
192 199
193 195
193 196
193 197
193 200
193 194
194 196
194 199
195 197
195 198
195 200
195 199
196 200
197 200
198 199
199 200

MIS: 11
39 44 68 79 87 104 110 130 145 150 181 
