120
1 5
1 11
1 59
1 76
1 98
1 30
1 55
1 19
1 7
1 120
1 100
2 40
2 81
2 58
2 107
2 120
2 20
2 39
2 100
3 90
3 116
3 118
3 30
3 72
3 59
3 44
3 6
3 111
3 17
3 56
3 27
3 33
4 94
4 112
4 115
4 34
4 92
4 54
4 7
4 80
5 32
5 99
5 118
5 117
5 75
5 119
5 84
5 114
5 31
5 7
5 10
5 120
5 80
5 27
6 66
6 115
6 16
6 82
6 86
6 103
6 90
6 65
6 64
6 47
6 33
7 49
7 116
7 44
7 61
7 22
7 96
7 28
7 36
7 69
7 21
7 108
7 41
7 100
8 56
8 93
8 116
8 51
8 118
8 115
8 60
8 43
8 52
8 16
8 14
8 109
8 49
8 120
8 41
8 27
8 29
9 53
9 36
9 115
9 69
9 26
9 119
9 114
9 13
9 37
9 20
10 104
10 94
10 62
10 51
10 89
10 40
10 86
10 98
10 115
10 47
10 107
10 31
10 118
10 64
10 42
10 20
11 91
11 67
11 74
12 40
12 69
12 59
12 107
12 81
12 98
12 32
12 114
12 24
12 35
12 96
12 14
12 84
12 22
12 20
13 35
13 117
13 105
13 34
13 65
13 16
13 106
13 17
13 88
13 52
13 99
13 110
13 39
14 51
14 116
14 49
14 102
14 83
14 107
14 79
14 55
14 25
15 115
15 61
15 81
15 65
15 26
15 119
15 31
15 37
15 42
15 39
15 29
16 24
16 117
16 87
16 78
16 65
16 74
16 19
16 42
16 39
16 100
17 67
17 112
17 102
17 48
17 45
17 113
17 115
17 111
17 74
17 18
17 114
17 27
18 64
18 111
18 81
18 22
18 112
18 83
18 53
18 36
18 98
18 68
18 28
18 33
19 109
19 98
19 52
19 32
19 67
19 46
19 72
19 102
19 119
19 20
20 54
20 95
20 60
20 107
20 35
20 53
20 92
20 64
20 117
20 40
20 23
20 99
20 101
21 22
21 93
21 111
21 107
21 89
21 81
21 115
21 49
21 71
21 106
21 69
21 35
21 39
21 100
22 113
22 76
22 93
22 92
22 47
23 60
23 108
23 38
23 87
23 62
23 68
23 75
23 74
23 47
23 120
23 42
23 29
24 50
24 95
24 98
24 78
24 58
24 64
24 37
24 39
24 100
25 67
25 106
25 55
25 81
25 103
25 70
25 90
25 65
25 54
25 66
25 85
25 98
25 110
26 28
26 60
26 70
26 110
26 79
26 91
26 82
26 34
26 97
26 80
27 78
27 111
27 89
27 35
27 103
27 56
27 53
27 70
27 81
27 46
27 72
27 107
27 94
28 82
28 111
28 69
28 54
28 84
28 37
28 33
28 39
29 96
29 74
29 42
29 92
29 115
29 36
29 107
29 99
29 71
29 84
29 34
29 76
29 104
29 52
29 78
29 83
29 100
30 111
30 78
30 91
30 94
30 89
30 63
30 48
30 92
30 114
30 37
30 42
30 100
31 102
31 94
31 106
31 32
31 46
31 62
31 60
31 43
31 84
31 112
31 88
32 63
32 87
32 102
32 65
32 64
32 54
32 41
32 42
33 46
33 87
33 99
33 112
33 109
33 114
33 78
33 118
33 104
33 48
33 67
33 89
33 102
33 65
34 85
34 96
34 44
34 71
34 108
34 81
34 107
34 47
34 42
35 48
35 118
35 109
35 69
35 107
35 80
35 39
36 70
36 52
36 78
36 67
36 75
36 104
36 64
36 92
36 39
36 100
37 95
37 68
37 111
37 54
37 45
37 101
37 77
37 50
37 67
37 98
37 39
38 56
38 99
38 111
38 101
38 65
38 55
38 119
39 115
39 45
39 116
39 44
39 71
39 67
39 80
39 77
39 99
40 94
40 77
40 76
40 58
40 47
41 78
41 98
41 89
41 76
41 97
41 57
41 83
41 72
41 115
41 109
41 117
41 114
41 54
42 77
42 64
42 119
42 82
42 73
42 49
42 44
42 79
42 111
42 95
43 105
43 118
43 111
43 52
43 89
43 67
43 79
43 80
43 100
44 110
44 60
44 63
44 57
44 74
44 54
44 80
45 98
45 62
45 69
45 68
45 83
45 81
45 58
45 79
45 54
45 84
46 109
46 49
46 67
46 92
47 116
47 117
47 51
47 83
47 91
47 59
47 95
48 66
48 112
48 81
48 79
49 73
49 63
49 93
49 64
50 113
50 105
51 71
51 70
51 87
51 58
52 61
52 113
52 63
52 104
52 54
52 119
52 100
53 91
53 62
53 75
53 84
54 98
54 72
54 110
54 78
54 82
55 86
55 67
55 68
55 97
55 87
55 110
55 106
56 108
56 67
56 81
56 75
56 104
56 79
57 69
57 60
57 91
57 86
57 112
57 62
57 101
57 92
57 84
57 120
57 80
58 88
58 70
58 75
58 101
58 119
59 102
59 75
59 80
60 103
60 89
61 99
61 85
61 86
61 68
61 107
61 104
61 120
62 73
62 96
62 110
63 110
63 98
63 74
63 92
63 84
63 120
64 90
64 81
64 85
64 91
64 83
65 71
65 89
65 97
65 106
65 84
66 103
66 92
66 114
66 120
67 106
67 77
68 102
68 108
68 86
68 82
68 114
68 100
69 95
69 82
69 116
69 80
70 105
70 103
70 79
71 76
71 89
71 120
71 80
72 88
72 117
72 120
72 100
73 77
73 115
73 117
73 109
74 105
74 98
74 78
74 88
74 84
74 120
74 100
75 95
75 115
76 117
76 107
77 85
77 107
77 104
77 114
78 116
78 91
78 98
78 105
78 107
79 116
79 86
79 82
79 83
79 80
80 103
80 98
80 102
80 92
80 106
80 107
81 94
81 105
82 88
82 111
82 104
83 88
83 90
83 85
83 84
84 92
84 116
84 112
85 89
86 93
86 112
87 113
87 119
88 97
88 91
88 120
89 97
89 93
90 119
91 104
91 120
91 100
92 98
92 97
92 117
93 103
93 119
94 116
94 118
94 111
94 101
94 114
94 100
95 103
95 101
95 120
96 101
97 99
97 105
97 98
99 104
100 120
100 117
100 113
100 103
100 114
101 105
101 106
101 114
102 108
102 110
102 106
102 104
103 114
104 113
104 120
106 114
107 115
107 109
109 114
110 116
110 118
113 114
115 119
116 119
